41 46 100
..#.....##.#...............#.#.#...#..........
.#...###.###.#######.#.#.#####.#.#.#..##.#.#.#
.......#...#.............#...........#.#.#.#..
.#.#.#.#####.#.#.###.#.#.#.#.###.#.#.#.#.#.#.#
.#.......#.#.............#...............#.#..
####.###.#..##.#.#.###.#.###.#.#.#####.#.#.###
.#...#.##............#.....#.............#.#..
.#.#.#####.#.###.#.###..######.###.#.#.###.###
.......#.......#.#.....#......##...#.#.....#.#
.#.#.#.#.###.#.#...###.#.#.##..#.###.#.#.#.##.
.#...........#...#....................##......
.#.#.#.###.#..##.#####.#####.###.#.###.#.#.#.#
.#.......................#...........#...#....
##.#.#.###.#.###.#.#.#.#.#.#########.#.###.###
.....#...................#.#....#....#...#....
.#######.#.#.#.#...##.##.#.#.#...###.#####.#.#
.#.......#.#.#.#.............#.....#.....#....
.#.#.###.#.#####.#.#...#.#.#.#.#.#####.#...#.#
.#.....#.#.....#.......#...#.#.........#......
.###.#.#.#.###.#.#########.#.#.#.###.#.#.#.#.#
.#...#.........#.#.#..#..#.....#.....#...#....
.#####.#####.#.#.#.###.###.#...#.#.###.#####.#
...#.#.....#.#...............#...#............
.#.#.#.###.###.#.#.#.###.#.#.##.##.###.#.#.###
.##............##......#...#.........#.#......
.#.#.###.#.###.#####.#.#.#.#####.#.#.#.###.#.#
.......#...........#...#.....#...#...#.#...#..
##.#.#.###.#B#.###.#.#.#####.#.#.#####.#.###.#
...#...............#.#.......#.#...........#..
.###.#.###.#.#.#.#######.###.#.###.#.#.#A#.###
.........#.....#.....#.#.....................#
##.###.###.#.#.#.#.#.###.###.#.###.#.###.###.#
.#.#.........................#...#.#.......#..
##.#.#.#.#.#.#.###.#.#.#.###.#.###.#.#.###.#.#
.#...#.................#...........#.....#...#
.#.#.###.#.#.#.#.#.#.#.#.#.#.#.#.##..#.#.#.###
.........#.#...............#...#......##......
##.#.#.#.###.#.###.#.#.#.#.###.#####.#.#.#.#.#
...#.#.......#...#.#.#.......#....#..#....#...
.#.#.###.###.###.###.#####.#.#..##.#.#########
...#...#.......#.#.............#.....#....#...
23 37
39 25
3 43
39 9
12 43
40 5
11 28
18 21
5 11
8 35
39 15
24 43
1 41
33 35
13 28
15 17
27 22
18 29
33 42
3 16
30 25
15 45
26 45
31 13
27 33
24 15
17 8
15 39
17 28
41 22
1 13
19 12
5 5
29 35
1 2
15 10
11 5
10 25
13 11
21 12
9 5
20 37
18 45
24 41
33 15
1 26
29 26
17 18
25 42
4 23
5 6
17 20
3 35
12 23
23 39
5 9
7 36
25 39
2 5
33 32
15 3
21 33
37 14
19 39
38 9
25 7
11 17
12 7
35 14
2 3
10 39
17 26
26 3
20 39
5 36
31 7
5 30
16 17
31 28
15 25
15 34
30 17
5 29
24 7
35 23
28 33
14 25
10 13
27 31
29 40
41 41
10 19
40 35
17 7
31 42
35 27
9 2
13 41
9 13
11 15