5000 29
2451
4132
3233
395
2392
6
122
277
1672
2149
3268
1262
3375
658
917
261
2824
3685
823
956
312
1151
668
2630
77
1631
698
3476
809
4782
2277
3790
1550
1095
791
4682
3184
2231
2816
3584
3816
746
2182
683
68
1504
2614
4505
3382
844
3973
4148
4743
2456
1860
3568
10
2872
1472
1291
4381
91
148
3436
1111
869
1939
2116
2359
1985
3627
4603
3595
3311
2049
4801
442
4354
803
3999
1762
845
269
4348
1470
3470
1493
4254
3022
3319
519
4738
513
645
4643
543
2561
2830
156
1518
1837
314
3009
4819
2783
2913
4327
3219
2854
4488
146
4865
2956
3867
4021
593
3889
4515
79
2903
4420
3361
4920
3091
2266
2865
3802
561
3250
1022
4741
3845
1577
3443
2926
4815
2244
317
3936
3166
4948
3697
4769
356
327
1383
1796
3097
2145
1952
2891
3186
3324
2556
3034
36
3865
4712
590
3168
2762
4763
1311
1446
4177
2747
1665
4061
2255
1575
2517
1594
3189
646
518
1217
4174
2725
4835
3191
4571
2728
3555
1958
4323
3995
185
2029
726
2722
2895
1886
531
1847
2583
1364
245
1534
4775
4572
4428
425
2076
4136
702
1616
366
744
4241
4811
2000
1686
3748
3847
1599
1092
1589
2181
389
1805
1626
3220
673
3547
2194
4133
2745
942
4711
2100
3412
3516
2444
1668
4016
3457
2315
1119
3333
2852
1625
3553
1559
908
4946
1564
4567
3463
348
3362
2400
4
1603
3849
1611
3545
2551
2478
703
1612
4509
558
4968
4870
1918
1638
4065
92
1181
750
3761
3248
503
322
3593
4718
817
1358
1259
4419
1384
238
2375
3639
772
4699
87
2698
534
2033
4375
4015
2463
3743
4040
4558
2418
1018
2702
2618
3349
3277
1168
1977
2584
38
1237
4562
2760
4197
840
4417
264
2826
3131
4389
2095
2465
3832
1548
1778
2090
4044
4331
950
3968
2419
1995
1706
999
4129
1357
1786
2620
1800
458
2704
2285
1900
1115
3652
3279
3061
246
758
3342
1218
4757
2025
2812
4084
2204
3267
878
2441
2515
839
589
3769
3305
4678
2338
556
1365
3938
2690
4325
4023
201
2210
3611
2171
731
3537
207
1319
718
4820
3637
628
3169
3181
3226
4932
2373
3956
3055
1056
1408
3498
172
2450
2575
1661
1937
2938
2554
765
206
3286
2578
4671
2968
2780
1013
1185
198
3162
1337
1224
1639
4261
3354
928
1903
2560
4602
2425
2330
3325
2875
22
2513
1292
2066
4100
4291
1936
3566
4716
1532
3739
1852
1820
1755
63
461
3864
4654
1552
3296
2724
1720
1849
2132
1086
2091
4253
993
3462
2828
924
2667
307
3751
900
3199
4852
2317
353
3654
1919
2709
469
4914
213
4736
460
4641
4138
1485
1443
842
4623
3413
405
1596
1531
3951
455
262
404
2446
1280
4481
1094
2473
4225
3161
440
1372
2847
484
4127
271
1572
4472
2438
4060
4137
2524
1851
2413
134
1132
1806
3249
4554
3840
2469
4093
2789
4513
4250
3085
3608
3089
2798
4195
539
571
2777
3870
1414
2641
2453
3986
86
3994
397
998
3088
4274
1816
4068
4800
3037
3345
3167
3015
4462
1551
4230
4508
2383
383
429
1723
3669
279
1844
2310
936
4003
3116
3070
390
2396
1401
1073
268
1044
4793
3904
2048
1857
4293
1848
410
3774
1501
681
3347
3619
520
3975
2321
428
170
1112
4436
1253
124
1956
3809
631
4748
3071
1442
3789
2660
74
3020
2109
1456
4034
665
299
1667
2420
2821
2990
613
4167
1505
3497
4940
583
562
4008
3194
3736
481
3039
4947
3363
2868
168
630
3147
3368
1979
3415
3366
4851
3704
2257
1563
4385
1084
167
4094
1406
1998
4345
3905
3788
2939
4322
161
1297
894
3356
2339
1149
727
1019
4356
3631
1140
3439
4679
3480
3988
1549
4672
675
2261
1904
2915
652
1807
1862
500
2685
4358
879
1935
2806
4824
2151
540
4179
848
2998
3873
1264
402
1752
4199
1223
2914
3139
2775
722
296
2591
4336
719
2508
4340
3359
4115
4847
2640
360
3773
1411
4632
3645
4818
4593
889
1978
1179
2835
2766
1378
3120
4050
1827
3856
4740
1450
1393
3910
1843
3556
2953
642
592
2008
202
533
3428
175
3590
3289
4742
4832
632
662
3775
3585
4952
4828
1734
1129
629
4900
4103
4527
3389
3958
1233
3924
4785
1391
2801
2298
4898
4868
120
2222
3182
1437
257
2569
4599
3010
4822
1143
2039
738
3406
4735
2818
3137
688
2274
3322
3676
1963
4380
2214
4297
1604
2563
3786
3758
2238
1453
4503
4721
1923
1679
752
2574
4166
2692
2085
4024
2027
505
4255
3780
396
1614
1907
2122
370
4853
4842
1128
986
3636
169
1347
3302
3972
812
2016
1131
3524
875
2958
2684
553
3836
2443
2307
638
2677
516
2259
2098
4617
1459
3000
2376
2439
983
2464
1247
1139
193
3190
789
3825
3351
3875
2237
2070
2571
4415
1353
2019
948
13
1324
1646
4339
1647
1026
4142
473
2295
2815
4625
1268
3714
2802
3299
4485
3209
1772
1916
584
165
1982
1729
4057
3254
3422
2221
4088
582
3489
4727
2676
2020
434
1155
3560
2218
382
1507
790
248
2358
2708
3960
107
4758
3876
2920
1731
1659
1198
3281
3992
1359
4790
3187
4717
1000
2822
4326
1727
4937
3964
1200
4518
3702
3125
3330
2746
4064
111
2190
2617
47
3024
1492
3509
1227
3957
1152
2849
3086
1593
1136
526
1290
2334
4289
2406
934
874
929
1761
4591
1326
4563
34
1624
2047
1573
2141
2385
3385
828
3495
691
560
4755
283
4440
3700
664
4953
3793
4019
3896
949
1153
1397
2167
2118
3138
3828
3283
4170
1072
2229
3046
4677
254
4627
232
4365
3141
4107
1683
3749
2004
1704
96
1392
4150
2323
624
937
4442
1669
4446
2155
868
4901
3065
4469
4292
216
4334
2675
3442
3105
108
2564
1920
836
3078
4275
1751
3038
557
2723
961
1776
2143
1144
3965
2531
235
2674
2062
2104
2325
2521
2664
1418
4353
891
2774
1213
2079
2734
2980
4122
1829
2553
2411
379
2613
3410
3420
1182
1540
3113
3565
4587
757
3745
448
2653
3314
4144
4536
3479
2127
4883
3504
1286
4955
2414
3915
2694
4154
4139
1775
856
4887
4823
2239
674
3766
4216
1725
4753
2401
2
2201
1879
1009
2797
759
2527
237
3232
1627
4559
2877
2206
3353
1238
2827
3150
4531
3624
2756
305
4263
1310
504
4776
4630
2355
94
3175
3617
2662
3377
4925
3419
2869
2507
644
4206
4260
263
3711
4792
138
3308
3978
4276
1726
3852
3962
1898
1633
3340
4896
1966
1636
604
3341
3848
3883
564
971
3316
2654
4337
3053
4338
4198
4512
4674
2544
1882
1041
4484
3894
444
4465
2833
3285
2486
318
3857
912
4897
1482
3291
1481
4017
197
2695
1566
4737
4804
1315
1743
3961
1793
1779
158
129
3612
44
2265
1388
378
2567
2721
2705
4935
4007
2267
1207
4906
1360
4164
595
2645
4504
567
3907
1724
1348
3734
4663
2809
640
1543
4675
2851
443
334
173
4747
693
1195
3218
1125
3075
1657
1818
41
984
3853
2799
2445
4931
3211
2629
2786
2834
853
2948
1528
1293
4726
1479
4294
4300
480
2278
427
4660
2906
4706
1425
304
690
2687
386
2609
2753
1804
1650
57
4708
2331
3066
3151
2080
602
3674
4956
2262
1825
682
2661
1605
3991
4290
1555
618
3468
4077
1097
2422
4081
4681
1283
2805
762
1252
4836
2475
2407
4644
3880
858
1609
1516
4357
661
227
1700
4265
302
2121
4304
320
2961
4809
2916
2481
1601
2113
813
3414
876
4256
2429
1693
2598
596
2126
1430
3575
3937
1905
1245
1815
1560
4025
3474
2112
4421
3321
2424
2699
2509
2215
4403
1554
1373
218
4585
3528
3239
4957
4413
233
1788
3837
4665
1856
373
3136
1896
4598
4734
256
3092
3367
4055
1435
779
4073
1615
857
1823
363
3573
3238
2153
236
954
4239
4316
3208
223
65
1565
4962
2800
3329
626
2069
4910
2884
376
4980
542
2264
1051
3644
393
3620
2970
4245
2468
3315
621
4945
2792
310
154
796
2511
3262
2879
3928
1363
1436
3237
1579
1467
2542
4729
2899
4799
3569
2972
570
2174
3844
926
4885
4251
1987
2573
1434
2829
280
3171
3016
4988
176
1431
1671
3223
4482
1469
4075
2963
1058
139
4547
3440
3303
4453
2011
3381
275
3563
1301
2715
4351
2337
1409
4317
1255
2336
2773
1869
4964
4971
4808
5
90
2842
1052
969
2397
1279
4213
4609
509
3970
756
1841
3388
70
1234
3662
2752
3163
3811
1811
3908
35
8
2342
1719
3696
4366
2985
3323
1991
4227
2759
2534
2771
2394
3274
19
3810
1970
4238
2838
2283
1240
649
3087
2364
1313
1473
3269
4756
3112
3320
4929
4834
2971
565
4412
4580
4298
2431
329
870
1260
4242
1733
4456
16
412
4576
1656
2177
4240
4184
1938
3818
3895
4548
633
2861
3527
3451
4979
3592
2272
967
4942
2316
4566
1165
2635
3282
980
4523
2041
579
1506
4595
995
2776
3591
2314
3284
977
3616
766
541
3752
3301
4097
3499
494
816
4014
2495
4646
4427
2814
2217
2974
3580
1462
4434
4619
4636
2077
1107
1736
1193
2035
100
2863
2301
4501
3514
2634
309
1374
4881
102
4049
2253
116
3526
1514
3441
2305
3921
617
58
3679
1083
4231
454
2841
2497
1093
2185
1607
3993
2975
735
706
3805
2436
2964
2329
4449
4797
672
3643
3507
3493
1986
1799
4457
1764
2790
1771
4985
2711
1163
3488
1124
4899
1556
1797
1116
1707
2541
4036
4786
1895
3861
2423
466
2730
3833
1079
905
1344
3667
4178
4657
2548
970
877
219
1225
4774
2014
4970
3901
965
1888
4648
2379
1419
578
1376
3134
330
1352
555
4329
53
4433
430
140
4723
3180
2954
2440
164
4888
1817
1171
777
2965
3718
3955
627
3550
919
354
1027
4402
495
2296
574
2054
783
2023
4396
3707
424
3656
2615
4966
2432
1974
2179
1634
3012
2860
2410
132
884
2976
2197
1711
3572
4062
2223
1183
4693
3546
915
4028
184
4128
4750
4588
332
619
4248
2887
755
4934
4307
447
4698
1159
1322
2186
1954
2009
4271
4502
3757
2955
3028
123
40
1475
4520
3295
1660
419
4666
2537
1035
166
2299
1592
3108
2341
1911
3801
4752
1644
3176
3004
4802
4450
709
3049
1477
3438
4859
1510
837
2731
2864
4972
4605
2539
1927
1030
3606
4710
2382
4039
2689
3628
1867
945
3195
60
2393
215
1005
2275
4343
4913
3477
224
3987
2015
4181
4423
4652
2123
2523
4085
3155
398
4916
4866
2187
911
1515
1663
2068
2942
1619
1338
2619
4511
1632
2512
4218
2647
4608
4592
1172
2281
3032
1158
1351
547
2449
4272
2882
3380
4086
4372
247
3846
1705
2855
3770
1830
1945
344
1689
3913
315
3732
3746
1412
4125
1773
326
916
4479
4686
4724
2192
2536
4205
3919
1212
943
3084
4063
2804
655
1089
958
3048
1039
4394
2142
787
4169
3434
1441
1370
990
2458
3064
3530
1948
1914
222
128
686
333
1339
1694
515
4586
4633
2303
1606
1246
3923
1215
824
2987
620
696
11
4977
368
2570
907
2663
2625
2547
3178
413
4855
1964
1681
3173
2271
1016
3346
328
3724
4560
3618
797
4160
4214
1345
308
3798
2922
2604
2292
2050
4875
754
1999
801
97
1641
4803
4596
3599
2479
3651
1122
3082
510
2087
4352
4759
1539
472
1968
4871
4117
614
866
2405
4981
3399
5000
559
3158
4817
700
4360
1020
1574
981
2712
1487
474
2765
4447
24
4685
552
1015
1858
3750
2156
4519
415
830
1098
1722
1901
3073
4080
576
819
2270
3188
1630
3722
1029
952
2372
716
2466
3160
3859
4765
1208
1716
1061
938
2719
2300
2643
2510
4235
234
4860
4092
3623
4575
2135
1010
3416
3690
4788
3705
2519
966
1055
1947
3552
1969
3668
2345
4200
1892
352
2928
657
3503
2602
385
4584
3344
1783
1449
4246
3118
4615
3025
2757
4532
3
1476
4659
2038
1677
663
3458
2678
2493
1873
1934
1101
2209
3054
3471
4259
3815
2246
2398
3871
2045
3241
351
3350
285
2001
1110
2717
3779
4831
4222
2793
1875
4477
4374
3817
4189
2234
4118
4299
2616
2484
2587
3984
760
1386
707
1494
530
2923
3452
3866
3935
2769
2348
1069
3881
2199
423
2381
992
1299
742
250
3251
1100
4994
2053
4425
4891
52
4924
2268
3050
2034
1126
1697
2880
4051
3031
3642
711
2558
4517
1980
551
4936
994
4673
3157
4905
705
660
798
1741
4149
3222
1562
3106
4695
3360
1568
940
1105
2738
4466
1261
2357
1321
1045
226
4551
2710
4004
2353
2236
1454
1082
901
4283
2905
847
616
2078
3966
3683
284
2658
4185
3210
3264
4155
2302
898
2032
522
4552
2502
991
2111
135
4694
648
2856
2594
4645
3893
2256
4363
3215
4639
2627
1983
1295
1334
4692
4359
2157
162
3111
1785
457
3963
3784
2063
4607
4569
1231
1715
2639
4791
1296
2294
4393
1754
2931
3589
972
4895
4376
2037
2688
947
1142
3570
2437
1802
763
21
4921
1382
3508
3814
4221
2522
141
3140
4491
3243
343
4691
1354
3205
1
3027
2983
286
1191
2729
1024
4405
2499
3959
2290
4082
1075
3803
1831
1877
1173
1480
2811
3172
2969
1701
2360
2871
785
743
3494
4768
1749
985
607
3148
3827
1222
1468
835
3720
906
1883
4869
2795
554
2867
1740
585
1871
1798
2488
3839
3276
2183
2024
4839
1190
2932
4157
1138
3364
598
4355
2960
2742
2580
3423
1902
4232
2163
2088
2850
1177
3712
1885
3202
1081
3133
1270
3056
1102
2412
2820
4761
625
3017
4284
3409
3102
1921
3132
4448
4944
1302
4996
2251
3192
4637
545
2611
3621
4223
3427
1314
289
4070
903
3121
4406
451
2273
4676
2361
3701
4287
4330
340
3653
3074
3481
1642
3026
2074
1717
2870
3234
3309
3787
2140
1924
3294
740
464
751
1777
2150
2807
2108
338
371
1399
4208
2703
770
1169
1371
465
18
1175
806
110
345
2205
3659
2966
4370
84
3143
1042
221
4367
525
4190
3831
1502
963
2284
1835
2448
882
761
4258
2607
1718
1692
127
2279
1915
3045
3821
3334
2269
272
4101
292
3154
2105
4917
1571
387
195
4309
4949
855
1287
3298
2585
821
3692
1535
4209
1429
4806
438
2588
3806
1274
3609
2168
205
4257
4746
1276
1955
2193
1957
4600
4983
4478
4054
4837
4744
2680
297
341
2671
2403
1495
420
2031
3101
1226
4268
2312
4840
1457
1148
603
2129
4764
3058
188
1381
2249
3398
4787
3127
483
2012
2232
3691
2211
1810
850
2979
1664
3395
2480
3681
4902
3431
1047
1161
3890
833
2233
3408
372
1017
321
4618
2532
115
4288
101
3051
4193
2543
1277
2853
1043
3227
2241
2836
3200
3689
4838
909
4156
4907
325
1742
109
4670
1008
4120
3581
3665
4713
2388
2700
795
601
1108
2242
2498
862
834
2148
4398
1533
3449
4521
163
1839
2491
1438
1254
3450
3819
3290
960
1490
3542
3834
4211
117
2291
3001
517
4923
2280
4314
4116
930
3080
3397
3093
4564
1712
2650
4546
4027
890
512
863
1184
4858
1242
3339
4486
3684
1675
4534
792
1160
4773
2114
3394
2083
4217
203
3021
3390
4111
2989
51
4306
4183
1932
1202
488
1439
1137
4397
2166
1511
2718
3003
4863
4247
810
4018
715
2559
3982
3680
747
2600
2036
1038
1620
477
2072
3149
3755
2909
4680
4889
3519
2538
2103
189
3998
933
252
1649
463
1080
1953
274
361
375
2160
3273
4321
362
3217
4882
2455
1521
2845
3196
1714
2326
4176
2648
1989
1375
2287
4207
2785
3096
3128
2147
3783
2781
2946
4099
3731
591
2894
4903
2735
861
935
2840
2649
4031
2170
1542
2073
1308
3538
1890
4749
3777
3634
4104
4483
4395
4194
1950
1908
732
3326
1926
4048
4426
3029
4589
4305
1174
1988
1794
3300
1922
4700
3453
4279
4908
566
2744
784
3862
2646
749
2349
497
2130
610
4444
4026
1232
1303
951
4590
3287
1971
4143
3842
3891
2670
4110
1316
3371
3939
4455
4829
3706
4658
4687
2352
1037
4295
1294
925
1146
1317
723
4140
3400
4807
895
149
249
160
3657
4715
230
3433
2335
1209
4454
200
3378
3144
3650
1570
3456
3888
918
3478
406
3633
2102
1312
4771
4130
3482
677
407
2933
179
4301
4545
2505
1355
3996
1203
2219
4431
4578
2356
2681
872
3041
182
4083
4135
3812
4141
177
1889
4848
1014
4013
2386
4719
3421
3387
1444
1931
152
2758
659
3231
3586
1597
2322
3145
4407
2984
4091
2951
3327
3753
2366
3615
4430
4383
3455
2550
290
1710
3501
2428
1767
904
1595
3245
3776
3052
1628
4159
89
2902
1658
3033
3820
229
1792
422
3941
3534
1965
3059
736
142
2977
782
822
43
635
1257
3781
2064
4661
3126
739
2582
1023
2028
4938
3216
3280
186
1558
3467
931
3663
2568
1680
1385
2941
3261
4610
1068
2399
2657
1845
3505
3660
932
4243
4702
1463
2110
3677
3432
4990
2030
4498
243
873
2207
643
4416
3260
2668
181
3060
2844
4995
1769
2697
2426
1682
1395
4783
2416
4796
669
4324
2952
391
944
4573
1730
2421
2391
4613
3765
3170
3559
1770
2161
615
4368
4877
3207
799
4978
887
2120
851
459
800
3795
955
1272
1512
3601
4601
1002
4226
27
4244
2858
49
4998
4163
3201
2051
2788
808
3095
1147
1590
4574
1298
4933
1325
2390
3486
3807
4341
3069
1941
3288
3997
270
4280
1306
4606
3307
708
4087
2158
4499
3882
3886
4286
1591
2929
4986
75
4662
2803
3990
2462
2791
964
4642
712
346
1587
1637
4273
959
701
3122
713
4961
3914
1471
1483
4282
1698
3767
4705
1984
4037
4344
893
769
2457
3358
388
1537
2555
4443
1189
4565
730
4278
64
4328
1405
2782
3506
3036
125
2533
4378
689
2380
1670
2526
923
4821
2060
3576
825
2896
2810
2597
1404
4262
1486
880
3869
3900
3670
1765
3877
2482
12
2332
17
3338
3496
2092
3664
3673
3247
4458
3019
4033
3263
4542
2608
2546
347
2107
3515
2740
1967
1398
1157
2184
3703
2917
1522
3374
2415
1452
1074
1617
4989
4849
2784
2263
1050
2993
2350
2286
2154
741
3236
3257
670
3940
2369
2250
4557
3007
4525
3851
3536
1526
1735
843
4463
1275
445
1826
2408
729
82
4844
1894
2748
4212
1582
4053
4475
807
2477
680
85
3926
4991
93
2714
2683
3909
2642
4880
4507
3464
815
4951
3574
4494
2503
2260
153
2489
2409
2067
4963
3830
3771
2228
4795
358
4495
3023
3386
4379
191
3328
2487
3370
2549
1951
2097
1629
3562
1678
1361
4439
4029
1170
577
1600
3551
2089
244
4066
133
2935
1876
4514
1745
2813
121
897
2175
1320
2520
4878
3719
588
3252
4827
1836
2947
3472
2402
4071
2094
3759
1768
4544
4224
1001
941
3858
4767
3974
3518
3868
23
3813
2454
697
3778
572
3057
3240
3090
1910
976
4079
4543
4438
581
211
2934
4862
3275
2638
4333
4594
4249
1135
76
3989
210
982
3193
2768
2908
4076
2878
4616
2999
4418
462
1530
2333
1070
4006
1451
1416
399
4647
446
1216
3733
2888
3740
1330
3949
2467
4732
3791
4709
2666
2910
4387
4635
3068
4772
997
1402
212
1613
1884
1673
537
2995
3826
1410
2304
1709
4119
3747
4112
586
295
3313
4320
259
1994
1546
4722
4628
3083
4884
1300
3922
1508
4302
1367
3425
1281
2893
1523
2631
2912
311
3929
2243
2741
667
4277
4812
656
95
4296
922
2579
1990
2632
3304
3596
450
3754
4890
1011
2003
4102
1887
324
1654
1428
2918
2859
3246
4830
478
1432
313
4303
4020
3337
3521
3603
2245
3902
1066
3183
4621
4228
3543
1897
3558
4813
4493
2240
2071
2736
568
242
3008
587
220
695
4435
1812
4451
33
487
2874
2651
4751
3912
4915
4760
2924
1362
3835
1273
105
2518
4754
4318
1427
2137
31
1940
3411
1440
2061
1750
4872
1060
2770
4172
4043
910
2494
2778
4857
4123
1228
287
573
1356
804
1949
2936
3119
4046
4215
1838
3954
4042
786
768
1250
3535
2319
3529
1541
1420
3678
1251
1917
3244
775
1413
1524
4386
692
3931
3944
2707
753
4781
4391
303
2248
3500
3933
2749
3491
3348
1863
2713
4234
2794
1759
2378
811
1645
4841
1944
3794
2991
1341
1959
2535
4233
3647
408
1996
2945
225
4556
4982
2825
2347
3469
3985
2919
2040
2389
650
4967
3564
4089
1390
1176
1309
4516
2601
4604
3687
4342
921
32
2883
157
3379
1053
3352
3510
3005
2986
886
1120
3418
4182
3548
2324
1263
1239
3030
4539
4873
2726
1746
2196
2075
2044
4109
3104
4541
3336
634
4401
1621
1433
1878
2370
3365
4650
2943
267
4950
435
2593
854
4487
2247
1713
475
3475
1498
4540
1834
1536
3874
4701
2900
240
2365
1801
1336
3613
3916
3730
98
1113
467
3897
1127
282
1933
1685
3213
3310
2404
978
2628
496
805
432
2528
548
3715
1445
4689
1403
4095
3117
1756
4047
1447
4537
119
2346
2058
482
3648
1064
2950
2447
253
3512
2881
2224
968
599
2787
4867
2021
1602
939
2226
2198
3214
4312
1087
4012
2082
214
492
4846
4201
1519
69
468
778
4361
3391
4638
4311
737
3717
3198
1040
3373
1219
1145
1033
4620
4876
4429
4192
1267
609
342
374
2501
3393
2173
748
1513
3587
4460
4252
3763
4332
865
4146
3808
3716
439
4810
1652
4624
953
838
2213
493
2252
3435
2311
3602
3607
3892
1323
2599
4461
337
4845
3278
1489
55
2506
600
1496
1610
1791
2096
4568
3135
3473
3437
2716
3760
3533
767
2686
4121
1809
2026
1285
479
2306
4510
973
538
400
3520
1864
4941
671
685
2624
4464
3487
1942
2682
794
1387
2732
4728
3762
1748
4285
4384
2925
1049
4529
151
3447
80
4918
639
2343
1031
2476
3640
3177
2293
1803
1732
2737
2159
2471
2474
2374
2904
780
1981
1342
678
3945
3649
546
3906
365
2395
1499
26
902
651
2377
231
2655
1103
3822
2013
174
1104
1684
2911
1091
4490
988
4108
4114
4281
4045
831
927
3578
3727
369
4612
721
535
3446
3903
2720
2276
4928
694
3710
9
1028
431
2767
106
208
421
734
1821
155
2967
1739
1426
1062
1460
1012
3369
1855
511
1943
1962
2138
4237
4696
776
4825
1824
725
2897
2496
3898
2817
265
241
1891
2626
126
1695
1350
4056
4919
2254
827
2733
4668
3824
3392
4850
4399
2944
491
1448
73
1046
59
1608
883
2180
4555
1067
4313
3006
4550
1099
3465
4009
1025
580
2866
137
1230
3860
4489
3764
4549
3258
1007
56
1377
4411
2562
3259
2320
1369
2622
2055
1814
524
1458
3588
355
1850
3554
3040
498
4524
145
3920
2846
1021
4528
1648
1525
3604
3967
1909
4032
4684
1180
1194
4959
1553
2557
1474
1766
1819
2727
4041
3483
532
4388
771
1048
3884
1567
3242
4973
3013
4422
3946
2652
1090
3094
544
2843
3156
3829
2191
1545
4664
45
2297
529
3417
1774
2623
4096
2959
4779
788
3228
3952
331
506
1088
1114
4794
281
1973
3843
2472
3384
392
3044
14
1121
4506
2282
3229
1085
2586
4187
814
2056
4335
2673
2146
892
1906
2258
1106
3541
1622
30
2701
3878
3549
1265
180
676
1576
4369
1065
3969
3077
1929
54
278
4349
2596
637
4926
3123
3047
3224
3698
2430
864
1928
4707
4987
4090
2545
549
1547
1893
2921
3484
4072
2354
2490
4939
3887
4930
2018
1063
3235
4035
745
2363
4879
1289
1688
3930
2384
2452
3579
4400
2442
2996
2006
612
147
502
113
2125
4690
199
3100
3270
2065
4382
2202
987
3737
3343
641
4805
273
239
2203
367
2796
3629
4106
4655
4473
2530
3655
3492
4697
4984
3165
1307
3396
2696
4171
4611
4152
433
2220
1975
2417
1853
1484
3725
871
3225
3035
4452
1643
2344
1133
3981
4204
88
2235
1304
1328
4720
1400
2208
1653
20
4649
4789
2387
3256
3713
1881
1517
3014
2885
1787
2084
4350
4414
3675
3557
881
4067
3404
4912
1640
335
2589
2862
3185
841
3785
1271
3297
1269
401
1538
150
3424
112
1758
3797
3598
3159
4922
1305
4570
3115
15
860
2890
414
3405
3682
2176
3317
3582
1368
4714
1211
4577
4904
3376
4000
1394
2837
1529
118
1461
4410
3729
1585
4943
3532
2763
4777
1687
859
1696
2162
2848
3872
3460
3854
666
426
2873
1703
4364
3695
1196
1872
1961
1006
1674
2131
3511
594
3658
456
3539
1282
1691
2595
4561
4151
4220
1728
2052
1557
1076
3561
3103
3885
4126
636
2529
61
4173
1780
2005
3292
2693
2500
2514
2459
255
50
2189
1248
1057
3081
171
1561
83
4078
4131
3067
4911
4766
3671
2309
3146
453
1760
1335
4229
143
2764
781
3372
3942
3540
3693
4667
1096
1828
4470
2313
3266
130
1491
962
251
2057
2212
1380
2978
2172
3522
4105
4266
1331
3610
4059
1221
1054
724
1721
2427
3206
3723
1738
4074
357
3597
294
3950
4731
4656
159
490
3641
4927
3735
2590
4180
1584
3622
4833
339
2819
2750
2672
2857
2994
2195
3646
4168
3925
3728
1389
4533
818
3855
403
380
4992
1284
4001
2691
3426
528
1407
3525
4894
1464
3600
1666
764
1520
2592
3402
192
1249
3577
3632
449
2772
2492
1241
4631
228
597
2937
684
2656
3357
4553
4203
3272
733
3948
1946
4010
258
114
2227
899
2470
1118
2743
3625
608
1846
2577
316
3129
896
4581
1527
974
2889
1870
1913
4153
2665
2328
4634
2754
4186
1130
832
2144
4893
3934
25
4390
4069
2957
416
1236
1178
1366
4371
1676
1256
1077
914
2230
1340
622
2117
569
4538
1651
720
4476
3626
3594
1782
4526
3179
1229
1598
4745
2982
1415
3523
654
728
37
4958
3899
1623
975
1972
1417
131
1880
2119
4976
3099
1757
3107
4798
144
3018
2133
3918
1150
4346
2093
39
4267
3911
4909
575
4999
2043
802
2327
3062
3980
209
178
3721
4739
2633
550
4780
2876
1997
2124
1034
2010
4997
1702
3605
2435
3699
3152
2832
3174
301
4864
2898
2460
3253
46
3114
1690
4653
4965
2461
3153
4270
4725
3567
3459
3461
946
1992
3221
2962
3686
514
957
323
4424
4784
2139
3502
3255
4730
2886
4145
4162
62
2606
1332
3638
1753
4886
1379
136
2362
2017
1578
4778
4098
4816
3265
1509
1004
1925
2368
4437
4038
913
888
1708
2981
3271
3635
2007
4496
394
1123
3614
4165
4733
3517
1833
194
3983
2351
867
4445
2988
3932
3109
4468
3444
2669
1763
2907
2485
3841
3197
1003
1840
3744
4843
276
3792
3042
3312
4202
4651
1162
849
4703
1784
2081
2823
508
826
1188
4308
1662
3768
704
1205
1866
2152
1346
3726
288
42
4583
3407
4210
606
3976
2612
1635
2367
1423
452
3110
3947
1842
2216
3335
4683
4814
1790
2134
1854
1318
3823
2046
3953
441
217
2200
1586
2621
2434
4030
291
4522
1204
3800
4161
1832
99
2136
300
4974
4704
3072
2516
4861
3738
1497
3429
4975
1166
3943
829
1156
1266
350
2099
1455
2644
4188
1789
3212
4236
2540
4474
1580
3490
4874
2566
2318
4826
71
4626
4409
1569
409
2659
3694
507
4459
1737
1874
605
2178
3977
4622
4629
2605
3804
653
3164
1422
4640
2002
2930
4993
793
1424
1214
2483
4269
1186
293
3709
1899
2565
1071
2779
1278
3485
714
4124
3130
710
3293
1244
3756
1699
4614
1396
1503
4392
4441
3772
2106
66
2610
1192
3142
2901
2679
28
4319
3630
104
417
1117
1976
1349
3544
4002
3445
4467
3661
4856
1808
486
563
3043
2101
2940
3688
4158
485
204
103
4480
2128
2603
384
187
1500
381
3430
1861
2225
4347
2572
1167
3571
774
4492
1333
1258
29
1235
4404
4052
1744
1220
4471
1134
364
78
2165
2637
4362
1466
2059
1747
4892
2831
1197
3318
3531
2288
418
2340
4377
1059
3879
4762
1993
3799
4310
48
820
306
2552
2755
979
885
349
2576
1868
3002
3098
2636
3011
4005
699
1210
1912
2504
1655
4854
4597
996
2949
3971
3666
3708
679
623
3076
3063
2992
1243
2997
3742
266
846
260
3401
67
1465
4500
4264
687
411
4219
2164
3513
3741
7
298
852
3796
1795
2086
3448
3583
3782
1618
319
1581
3204
1109
3331
1781
2115
4960
1199
2371
2839
359
3454
2761
523
3863
3230
4175
1164
3383
489
1154
1588
3203
4147
717
773
437
1032
4373
611
81
1859
377
2973
2525
1343
2433
1036
3979
196
4579
2706
1141
183
3355
1930
4535
527
2289
1583
2581
1187
2022
476
521
4770
1078
4497
4196
190
989
4969
920
1201
3927
1329
436
3079
3124
2892
3466
1421
536
2739
2169
1478
2751
4432
1327
4113
647
336
1488
1865
2308
4688
4191
471
2927
4011
501
72
2042
4058
4408
1960
4134
3403
4582
3838
1544
3917
470
3672
1813
3332
1822
3306
4315
4669
2808
3850
2188
4954
499
1206
1288
4530
4022
4643
2078
3693
172
1738
253
1113
3562
1204
1867
1772
4656
1238
4580
2011
2364
240
3574
2576
2657
2304
4314
472
1276
4221
4018
1893
862
781
3088
3156
539
4889
26
4883
3790
2960
2216
163
2135
4373
1158
532
332
304
3805
3946
2383
3263
855
425
2310
4367
928
2338
1548
3067
1046
4859
16
1118
1370
4313
4556
3503
3837
3861
4197
1972
2959
4793
3109
3244
2074
388
1343
1150
1577
2757
2496
131
1269
772
1953
4813
667
979
4529
1909
1662
922
3529
2995
3237
178
728
3155
4370
35
2438
896
1736
2982
3882
4918
4523
1561
559
3938
3270
470
715
1527
1223
2990
1748
1554
765
4164
3561
3585
2879
1764
3507
706
1138
2387
980
3779
3211
2180
2312
4042
2866
405
224
395
2025
1868
2378
4407
829
2185
2728
3220
3675
242
674
4404
3071
1390
1139
4940
1574
2567
3765
2467
3112
2910
2225
1055
1931
195
4062
468
4566
524
3125
1758
1267
2200
963
2428
1932
1826
1411
605
1258
3099
780
3167
992
1690
4294
3689
555
3251
1374
3
2020
4865
1452
372
792
813
4750
3484
556
520
4137
2282
2175
4505
746
3208
4689
2099
3760
3857
713
167
1730
1383
213
3359
2881
3133
4851
2290
11
1581
4939
2695
3919
2748
1860
1671
1398
1579
1538
3740
326
2192
2958
630
3335
589
3684
3564
4297
4709
3254
1851
4780
441
4844
1236
1283
2535
1134
3356
1143
4141
1857
2983
1845
907
1937
3624
1923
4488
3887
2003
797
3975
3905
1140
2927
892
1696
3351
3901
1433
3567
4640
86
3411
2354
1124
3402
2593
2277
3550
3865
4665
4724
4704
161
134
2632
27
513
4800
4737
4552
3227
4837
4899
2792
2243
830
2328
937
4136
2360
2764
4478
3100
3700
1725
1523
4803
408
233
2366
3990
2590
3502
3127
2256
4453
2335
4405
2908
3877
348
2823
4320
473
4551
3161
496
4171
1302
4224
206
4355
509
4342
461
4848
4038
2516
4898
2477
3756
1999
850
4703
2420
1346
1062
2117
3474
2300
3098
3996
1610
391
2934
3868
4498
663
3634
1034
1546
4869
3181
1125
3081
2903
2043
2860
1115
2257
3795
2326
2587
1027
2720
88
3057
1480
4771
2016
2449
234
168
2210
3297
1729
2309
1728
2005
330
3845
4459
4711
3018
3159
2709
2024
265
2488
2763
2873
2914
1156
4489
3085
1426
2844
1205
1995
2362
4937
3154
273
3069
3821
3152
4104
1369
2131
3232
2498
1414
1308
4607
2083
2432
369
271
3670
1525
1920
3248
211
4662
3199
2755
4331
404
2234
3717
4794
4168
2507
4269
1064
1495
951
4728
3205
1955
2307
4669
3671
4589
1007
1584
471
1929
2663
2893
2291
475
1114
4744
4351
4144
3165
3673
2551
2534
443
180
247
4852
1170
1620
2385
521
846
2547
1918
89
3313
3726
2716
4838
4934
4078
2580
2743
4679
3703
1885
3943
25
4362
3657
3282
1640
3284
146
1053
2231
4969
4284
306
416
1206
1767
4448
2492
1103
4282
1023
345
4962
4600
1913
295
560
2007
2754
1912
3239
2244
2064
4455
111
697
1202
888
739
1301
2541
2791
3476
4476
908
2173
3523
763
2978
153
3448
4094
2056
2647
217
4980
3039
4613
4515
171
1474
1752
3884
4524
2103
1179
4311
4118
476
1896
1086
943
2597
1188
1910
442
2272
188
1005
2172
930
2178
4101
3783
3102
1460
45
3647
2402
2426
4341
906
1436
4447
4298
1842
2798
1749
4695
652
1447
2325
967
1590
1861
44
1079
3465
631
1129
724
4473
1874
4499
2157
1058
1126
4444
2060
1732
4564
4457
1679
747
4983
3939
2195
2237
3566
4820
2892
639
4474
3723
2773
1364
4517
3260
773
1019
1054
2061
4200
4036
1975
626
4433
1865
1952
3397
2858
3349
3082
1160
1405
2380
3729
1345
1820
368
2803
1946
4301
2723
4219
2970
4649
4767
2503
4683
2222
3425
701
2727
4051
1137
1612
370
4449
2067
4655
2770
3862
2875
2411
595
3792
3652
1660
3522
4637
3592
1530
4026
4087
1863
2437
2495
4210
4156
2451
1144
4845
1795
1175
1157
2550
1427
383
4380
3450
802
4116
3253
2523
489
1178
4281
3874
2293
397
933
359
1101
2353
1773
1608
3101
3363
985
3940
4254
716
3272
861
1371
4521
12
2332
399
335
4299
1518
3031
4745
2710
3840
2491
2324
2337
1980
3646
1502
1743
1958
1069
832
2162
3258
1993
1873
2684
2638
2809
949
1983
3955
1256
522
3655
1153
1508
2
2698
3506
1669
680
3714
4757
1296
1273
2160
3029
1501
3984
3993
3811
343
3963
2331
945
4057
3599
3456
656
3146
1382
1456
1146
3847
3582
3864
429
2744
4371
1473
2388
4831
1591
3580
4231
533
1903
4421
4162
1290
3690
1081
2965
1915
2548
3333
4588
647
3406
3061
356
4995
1704
4437
4597
956
2161
4191
1921
4175
4814
2265
374
1365
4452
544
3074
2610
3706
4310
2741
1520
2569
632
3844
2976
4682
4945
4789
3221
718
4890
3715
2565
3907
508
1425
1526
2481
1015
579
4503
2636
4867
1464
4157
1453
2340
411
4194
1684
3635
1339
3972
4067
622
2464
50
189
1934
1837
2072
837
3888
3255
953
2555
4322
1977
336
3028
244
2249
115
3271
4249
2215
1702
3950
2514
2584
1214
1895
838
4263
1274
248
1097
4897
2603
766
4546
2095
4186
2489
585
3045
215
1045
725
4446
1841
2973
3080
4472
3249
803
201
1105
1544
3704
2612
4252
827
1336
4045
1917
2640
2951
4017
333
434
2724
1988
3661
3059
4691
876
3023
4661
3413
2890
2926
738
1706
3017
3295
305
2299
2810
4426
2004
4327
4795
457
3780
505
4244
95
1511
310
4112
4454
834
2759
4349
1739
3537
2939
196
1780
2525
1670
3315
623
4933
4616
2120
4410
2937
313
4752
1858
2756
1018
4093
1048
4987
1944
3989
2253
4079
2962
2247
1322
2359
4014
3420
2236
2376
198
541
1030
924
3104
1441
698
2850
3541
4629
3832
2104
1225
2568
548
1022
2287
4323
480
4887
103
4375
4379
1957
1703
995
3494
2463
421
1421
2278
1010
3988
3375
4272
4138
3687
660
665
2191
3035
1707
2691
3666
4648
4633
1602
580
3316
1243
4956
4705
3292
1774
2106
3662
2930
1252
4080
3674
1859
363
4513
1889
2517
998
3148
574
4935
124
4559
1078
1759
329
4542
1109
4860
1967
1606
3309
3781
1247
3394
1683
3217
1723
4571
1504
3515
705
2352
3572
4697
2797
1379
2288
4227
4652
1281
1032
4804
3928
1681
734
4276
502
1000
2179
52
4241
1151
1400
2028
3552
4941
4982
2002
3705
1623
2510
377
3820
4007
1230
4791
236
3736
820
3437
56
2351
4366
4287
2799
2598
492
864
193
654
22
2609
4089
1231
4470
668
2981
3958
3750
4233
2093
625
2308
179
63
901
742
1803
1712
4511
4091
4638
3400
1338
2313
3457
1853
2531
3089
1066
2828
4337
1448
2033
2922
4642
1720
959
2673
2679
3680
1300
4451
392
4832
340
4747
4420
1866
3464
1519
2988
2528
2455
3341
4942
868
2909
2868
4336
4277
3428
1621
2040
2842
1490
1595
740
599
3441
3273
3768
3741
272
3145
260
596
187
3575
338
4973
4340
1869
4569
4576
4755
2250
138
2022
290
4208
4359
1964
573
1666
2712
1810
2532
2795
3365
2283
4748
2224
2323
3571
2494
608
779
101
2882
92
3188
4598
2375
2839
1632
3902
3490
1226
464
3172
1806
3659
4345
4545
653
3040
3296
98
3658
3916
4173
2221
1783
3686
3636
566
3825
1275
4185
4092
714
2333
3033
439
4439
3012
4266
301
3436
2619
2676
2010
2596
2946
1997
40
2577
2911
3871
811
4220
729
3302
4053
192
927
2834
1092
2274
3219
3343
94
2423
2880
2113
4892
4775
3746
692
4274
1047
2830
1850
878
2732
1734
3238
4464
952
1604
1145
669
4431
2168
139
1384
2739
3867
4384
2361
1661
4105
2760
2859
2119
3479
4986
376
3606
1951
3262
3150
1854
438
1701
1487
2631
1167
3344
2460
400
4893
4586
1751
1908
106
1600
4828
367
3352
4262
2857
737
4765
4912
4044
2816
1348
3944
1906
3078
254
3911
2176
3665
3053
2223
2963
1127
3589
3110
3203
987
1445
3235
2296
264
2543
4991
2140
1901
351
3560
3021
1633
2536
926
4265
4037
3583
4888
479
2261
1288
4354
1516
1900
2363
2302
576
297
4416
4047
3169
396
2434
731
1586
3189
4882
1770
506
3301
3369
4636
1017
758
455
2833
691
919
3577
3371
256
1155
617
3712
249
4821
4360
2482
4321
3461
34
3838
355
1102
1567
1658
1357
3498
2558
3643
3236
2595
3305
2390
4961
2827
2344
143
2091
4316
1763
2696
786
4143
1549
3676
1652
3368
4762
3745
4858
3952
2579
3617
170
2023
569
1757
777
3408
2031
2450
2147
2146
2465
3908
578
3042
4746
1229
463
2317
3638
127
28
1462
4377
4563
4176
3799
2933
1507
2263
4106
270
1890
3430
298
173
1342
3223
2703
3328
3767
4500
4923
4993
568
1241
3429
1458
4861
3054
3290
2656
1797
948
3953
1558
4700
1016
1971
373
4425
1033
2284
4076
133
218
3930
59
3266
939
4369
3354
1132
2524
510
646
430
1882
1811
2942
4399
3252
4182
1550
4333
4857
3468
1009
4879
1096
2956
1563
2940
1566
1663
4461
3664
687
4413
2925
3769
1297
2159
1493
3064
4339
4525
659
2796
2371
1629
620
4139
2169
4466
60
66
1029
1943
2094
3158
428
1816
3851
1804
452
339
4903
2207
276
2401
561
1184
3967
4147
2044
1605
1733
4159
1551
1349
3669
378
2855
1052
657
4460
4603
1782
1043
1311
2774
1250
29
1541
23
1922
3906
3929
4372
4698
1351
3026
584
2967
2817
2624
4135
1645
3505
3860
3931
2737
4041
2066
2900
2459
1878
2658
4181
1484
4929
736
6
4382
3433
785
4378
2202
4419
4479
2771
4020
4376
4495
893
4612
1769
2092
181
4422
3641
1966
2931
4981
447
3517
81
4802
2570
2183
3070
2128
1533
2186
3977
821
3751
1104
2219
2292
4236
2177
4450
3948
3269
3719
2604
2116
1100
4886
3997
1430
2079
1259
128
700
3170
1469
3141
887
4016
1848
1467
1864
3231
169
2779
4120
685
2617
3478
2869
3387
3803
4163
1573
2938
418
4064
2974
1799
2778
1116
1589
4306
39
3378
2614
1655
2508
4145
2854
711
1537
2271
4048
762
558
1479
4177
2403
2975
4979
3710
1207
1477
76
895
1881
420
3171
902
756
117
3123
2626
2685
999
279
2509
1337
309
2651
2166
1068
938
550
3003
4976
3696
4507
317
3530
3390
3073
174
2286
3951
4988
546
4919
87
4127
2017
3616
2273
658
3097
3848
2950
4381
2762
1607
511
672
2189
3176
1268
1894
4774
2065
3709
909
3949
2315
4602
4708
975
1524
1877
2418
379
3431
2473
2384
1242
1794
2068
1649
3052
4590
2588
484
1843
3487
2055
2170
1121
4025
3193
1583
4278
1800
252
3896
3206
3976
3632
2480
17
4438
2585
2462
2992
2753
4501
1266
856
3528
744
4483
1807
2807
2393
3115
3364
2399
536
3553
4668
1075
2690
2746
1355
2156
4415
3228
2989
1998
2793
3849
1689
3732
1876
226
988
1907
1387
793
1947
4291
1775
540
69
1443
4154
2100
4965
223
3289
1072
1011
1789
2138
1080
2469
637
3879
618
453
4046
2964
1091
4558
3590
4585
2208
913
666
4958
3094
4922
3957
4666
3153
2132
3453
4808
4538
431
1404
344
3518
3956
4824
4951
1463
137
2121
123
3256
973
3856
337
75
2425
1245
3842
3555
3175
225
3721
2997
721
2907
4875
4822
1211
3398
3501
3788
3177
382
881
775
4593
3508
1344
1836
2057
1682
4260
4758
2144
1435
1545
3587
1095
71
1576
1313
2993
1883
4685
9
485
2966
3415
4526
4465
3377
2769
1536
4074
4614
867
1513
1415
1796
3117
2125
386
503
126
2731
3243
4110
2097
3898
3786
3796
2935
2327
3015
3959
4133
2471
4387
778
3609
48
3815
341
4812
1470
2546
2904
1677
879
1294
3405
1840
1984
3414
2453
750
2194
246
2184
3128
281
883
3481
3083
3707
1074
517
588
3678
3095
1497
1168
162
1216
4429
3536
3084
3179
176
2046
2174
1008
968
2303
37
1801
2087
1817
4003
1419
42
815
243
869
450
331
30
1754
4409
4516
4914
1963
2316
2815
4540
1509
619
1724
64
2801
4402
3353
4537
4905
4109
839
2582
4245
3987
4205
1582
972
1950
2848
3293
3935
2592
3744
2167
3041
1961
1136
4235
984
1927
4061
4530
1388
4734
3872
4907
1481
10
1560
2538
1031
3209
1648
3418
1083
3469
2037
3051
4786
2581
3962
1112
645
3472
2949
3399
1916
4834
141
4273
2655
3166
4740
2258
764
4005
1199
1827
2259
1641
4718
2392
2648
2615
2564
1012
1718
3096
2298
4663
795
2715
621
749
292
3829
1884
267
78
1244
2789
4881
3544
2955
4391
964
1284
79
1603
1872
4146
1438
3598
4753
495
1315
2917
3831
2790
3999
2751
3937
4626
2242
1617
466
1457
1111
1176
216
4364
3992
2883
1041
283
2666
3163
3531
2915
2203
3144
1180
1282
3933
2740
3586
4358
4111
140
462
3321
1368
3761
1413
2165
3395
1528
4617
957
1656
1722
1713
4406
3784
1219
2804
1625
1585
614
2030
2400
4952
2512
1
4283
3679
375
4198
4434
852
3600
983
2776
1036
1813
2794
107
3986
148
2209
4536
2566
2255
1687
3897
2012
4587
3218
1657
474
4998
4010
3317
2846
1286
433
4917
2986
1172
203
1089
286
302
3701
498
1635
2635
4726
4469
2454
1651
2641
4088
1594
2725
4527
2944
2721
1598
3276
4699
3049
4985
4544
4242
3834
593
3924
1373
4707
3724
1482
3533
2075
3010
1298
3926
2768
4840
638
278
4102
4873
1940
2245
1360
77
4347
2805
3702
1050
96
1791
1597
3439
969
3257
958
157
1164
2545
3968
3510
4761
4896
4519
1117
2073
1213
2214
2985
2628
1326
2646
3216
787
3310
884
1887
2107
3642
2689
2193
2913
4871
3978
1496
3622
4664
4996
73
4343
3470
2204
751
4417
2429
2557
3982
3304
3281
1152
1119
4549
1726
3516
2671
4290
3332
4033
3688
328
4660
752
4925
3307
4031
3558
745
1073
3458
3725
525
122
2446
757
4218
1821
487
4108
4766
2377
2808
1106
4625
1255
1622
1542
4764
41
3213
4772
2837
3728
2874
3212
2653
4634
2233
2896
4386
1468
2936
835
3734
1634
407
1862
4125
175
381
2977
3983
3889
768
4292
1133
2285
3979
4543
3467
2187
4212
1776
166
1431
804
3488
934
1741
1500
289
38
4056
2076
3493
67
1191
2652
221
553
822
809
3361
904
4054
2229
3274
4258
132
3312
3416
3247
3019
1539
848
1991
1057
941
1173
4255
1063
3204
776
4592
3129
3594
4547
1289
4021
3324
3389
4192
1642
3806
1356
1221
3194
1534
2775
1466
557
3922
1784
4475
1451
877
4285
4058
3520
516
960
296
4392
1761
874
1037
4115
2559
4238
3381
3826
2505
4615
4522
3912
3526
3280
1186
826
4184
4097
3419
1959
51
732
2417
458
2633
119
1719
4583
2395
4620
1076
4784
2458
1680
1570
4052
3870
314
261
897
4230
3830
3753
1849
352
2152
1987
1291
4727
1024
2248
3969
346
1672
4644
2490
4957
49
1611
1262
4554
3694
4854
3034
2680
4204
2821
2444
3360
1224
2197
841
1643
3591
4261
2230
2129
4188
1042
1330
3511
177
3771
3455
1044
1559
1307
3903
2644
2048
1616
2654
4779
1408
1547
3542
3816
4725
1418
2783
3776
1440
228
3660
1362
114
2622
2630
3477
1035
1522
1185
1744
2089
2118
1948
542
4901
3072
825
3339
4579
4953
347
423
3030
1358
4877
4868
4863
3486
3801
2305
905
970
4001
1392
390
1094
1240
4389
843
3319
2836
4206
1049
863
2984
1974
3758
807
245
529
1177
4623
121
3047
1099
288
2466
1254
4809
3427
4113
3136
4408
3763
3554
1568
2678
3850
1461
3892
1197
4646
3106
1609
4797
3173
4084
3342
4023
686
733
2708
4445
2027
3648
2114
3376
3697
885
3000
1006
3625
1737
4911
4068
385
4601
564
1802
1317
3268
572
3366
3451
4568
184
2674
4195
1721
875
4926
4158
2051
664
2905
627
4977
3137
1637
2645
4152
1879
1210
4671
3894
4833
2239
3843
4650
563
3945
910
704
4140
1332
635
4492
2918
3294
55
3656
4353
613
2410
789
1717
4250
4946
1314
152
2871
4768
947
4947
3524
2943
3196
1265
2424
3065
3822
3121
4818
512
989
4792
3300
886
209
2537
4187
3462
1309
1401
342
3752
3190
4687
2036
435
784
1531
1263
4902
2700
3138
4239
587
597
2421
3135
120
4000
1295
683
2474
1279
1040
2876
494
4785
891
662
3043
1839
2607
3230
3046
353
3327
3883
4006
1428
4190
2139
4716
3626
3615
1403
2430
84
2276
684
4520
324
3620
4949
2440
2217
3863
3007
4531
3839
2952
3384
3793
1377
4251
3396
2872
125
4148
4121
610
4678
3077
4482
4222
824
4827
2409
1209
1420
3048
4825
303
4267
1831
4978
1556
294
165
982
4913
4631
1366
2443
3749
2254
1735
1070
2665
3548
1521
4317
4491
4839
18
4350
4528
545
2001
1442
1667
1976
2838
2476
4846
2921
741
2894
4959
3800
4624
4122
1727
1760
4223
3519
1148
1235
4390
1001
1412
116
2571
600
4749
2832
481
3614
4348
3971
4315
961
759
3275
4938
1785
3891
1402
1305
1636
1182
3764
2266
2747
1572
3980
4609
1391
4430
3454
1742
2358
717
327
903
760
3192
3833
3921
212
1110
4484
2058
4713
2124
1327
469
4975
2445
4895
3947
2267
4686
1407
3195
2549
3597
562
4730
644
3485
3920
300
3858
1557
523
33
2188
1287
3573
3291
4240
426
709
325
1986
3277
4480
3683
2155
2398
1181
1902
1933
4778
2349
842
3337
670
3985
3934
3226
275
1788
823
2840
2530
1141
1571
1653
4514
3650
2856
2251
3058
4166
801
673
3386
2201
3020
3593
4675
1847
3214
676
2433
204
1161
3014
2322
1328
1424
4853
2122
3619
4090
449
3755
4816
1353
3759
4178
4328
3126
3178
102
4994
448
2887
3471
4471
851
2544
1939
3318
3038
2627
1654
3910
4557
1306
3513
2948
2280
1142
4216
828
3817
2130
2811
2416
2412
2367
1814
3565
1476
1108
3147
858
2861
1372
4622
4082
3649
4318
4383
3130
3442
1002
144
4790
2714
1071
2998
4674
2422
3873
4
4035
454
323
2870
3628
2692
853
3718
554
210
1475
4788
321
3118
444
3637
2694
4300
2406
4677
3886
730
4170
847
1711
3738
2408
1624
36
190
1565
2080
1891
1812
655
4487
1093
1444
4201
4183
3149
4823
4232
1437
1766
4126
4968
7
2601
4013
4798
4196
3463
1334
1051
1020
3923
315
1747
1714
651
4246
2616
1969
3739
699
912
4533
3713
2734
1061
3279
2077
3819
3160
3994
2260
3447
1615
74
4286
1818
3412
241
2171
4654
2643
636
2897
2141
1875
4393
205
2484
3581
3954
3011
118
231
500
2391
1396
2373
2831
1992
2448
1389
3663
4657
200
4308
977
2819
806
412
4606
2742
358
4573
518
940
1312
4921
3668
1077
357
2379
4436
3466
109
4086
2275
3584
3629
4710
70
4214
482
4326
2649
1488
4760
3514
2683
962
1691
2382
3855
4694
570
1596
2650
277
2980
3075
3859
753
720
2339
1434
3608
1319
2681
4885
2456
3009
514
1753
2289
3802
2563
4635
4782
1646
4169
4022
794
2487
3778
1805
284
2015
2134
1376
4796
3322
440
1543
537
4836
4334
628
57
1380
4570
3875
3731
100
2126
4584
3604
1575
3122
3789
4335
2355
406
2241
4608
3492
2556
1829
1870
1107
229
1486
4819
1779
1982
4352
1021
183
2419
3124
4706
1025
1450
1261
671
113
2701
3423
432
21
4964
491
3787
3438
3965
986
4773
2228
2699
1323
4296
2212
1293
1485
1631
3808
3895
460
3063
3791
1919
3995
1808
2414
3200
2501
3644
4486
477
2639
2413
2318
782
2246
976
4621
2706
798
4189
814
4850
5
2497
4769
4989
911
3225
4209
4931
1514
3601
2513
607
1746
845
3050
2767
4955
3113
4864
2987
4130
677
1781
371
4403
991
419
2772
230
465
4696
4729
2533
3432
4103
1644
4681
1973
1835
2357
97
3854
415
4004
894
3630
1688
3743
531
577
3595
1003
890
3966
2659
4257
2719
4693
4032
3287
2863
3547
322
2150
414
3139
4304
1253
488
3500
2852
1938
2738
1793
307
1564
3345
1217
3900
2878
3496
4739
2562
4412
2972
4167
3774
996
4071
1798
4900
2045
3915
4441
3022
2084
62
3056
1664
1292
3261
880
2583
4906
592
1790
4259
4781
3653
3852
257
2329
4719
2611
819
4174
4835
364
3449
2599
3551
208
3187
1935
2050
1212
1218
2847
4894
4119
4070
2295
1237
311
4605
2961
515
2347
3691
2752
965
3245
1038
2062
1331
3549
1321
4083
1257
3639
2457
1278
528
1517
4256
3532
2941
1693
849
3068
68
1324
661
1981
2750
4936
1352
4928
4632
4440
543
648
2898
2729
4591
2088
2041
220
4582
2306
696
4843
4030
197
1159
4735
2785
4463
708
4193
2499
800
2264
3932
1928
4153
2623
2021
194
534
2586
4228
2697
2637
4651
4673
4610
2047
2912
1628
4560
3373
889
2520
3334
3827
1194
2902
4647
3878
3633
2707
812
4630
4477
2039
1429
389
2502
1359
158
1904
615
3640
935
4742
3367
1540
4876
3885
2386
2718
3853
929
1823
446
1599
1454
387
1417
2782
4783
4081
4418
2929
3407
2605
3960
1341
3142
436
3497
641
2889
1056
1626
1335
4577
2777
4555
3491
2862
4401
3087
817
4829
3164
4751
3132
3509
1232
2311
4043
3534
4884
1285
2396
2196
3191
3942
3482
1555
2884
582
2781
1014
2670
4015
2112
3810
3006
1491
633
1897
1423
160
4225
3605
3066
2262
2137
2996
1028
3103
2945
4213
3004
486
1128
4692
2957
3174
997
1386
1619
3037
3460
4077
4432
3611
2920
4462
2252
840
3695
1455
4151
4567
366
3185
2270
4954
1082
3311
80
1483
4442
4325
3383
3770
2519
2711
978
1708
2115
2013
2822
4063
723
1026
1580
859
4639
4688
1968
20
2947
269
971
689
4160
3001
3024
712
755
3116
4199
688
4346
4049
2281
2297
650
2575
1925
156
3876
552
1697
567
251
1350
1765
1832
4756
4971
4805
1914
4394
202
916
1065
1659
4293
4676
65
2470
4303
2736
4356
2240
3374
4927
1639
394
1270
1979
4385
2864
459
4493
3091
1838
227
2415
4891
4150
308
1675
2730
4131
3651
950
2765
13
3823
1122
1088
649
4107
3824
4619
82
4423
4950
3264
3545
3757
4701
606
99
3941
1193
1899
3435
2786
923
3747
1898
1361
1183
1385
2102
3559
4943
3330
4072
3543
2441
1705
151
417
2071
4874
1272
3973
1120
4972
624
4618
4670
3504
743
155
2843
4806
159
4211
4702
4548
2825
857
2589
47
258
4497
3107
4581
1169
3672
2713
774
1439
3090
1771
1060
393
4114
3720
1762
4932
1084
2780
4275
4920
14
3866
1234
4400
4395
1499
4561
1941
3120
3798
790
1709
3323
2561
53
3119
2478
1750
2675
3766
384
3775
2035
1195
1131
4029
966
1553
2841
727
110
942
4069
1830
4731
1196
2999
1569
1700
3772
4541
1692
4142
1233
3285
1165
3576
483
2029
4295
1174
4099
2321
1277
259
771
2086
1299
2143
445
2991
3610
3869
4100
4504
682
4279
4720
1822
535
2688
3027
3692
316
3927
1004
1650
1449
1098
4019
3836
3201
255
1059
2574
3325
2368
2662
1329
1239
703
1512
3382
2702
799
1852
1886
490
2341
1809
2578
4611
4866
3521
4997
136
603
719
994
4909
2269
936
2314
3452
2705
860
2435
4039
900
3991
4179
3812
519
3183
3202
2787
2928
1756
3570
3699
2621
1397
872
4604
3111
2835
263
4506
3417
1162
4396
4667
2540
3588
3362
1503
1994
1422
362
3233
3093
2661
91
2026
3242
2158
2452
285
2979
2205
4066
1163
2101
1778
2634
2151
3685
4817
3762
85
2672
2350
3372
3841
2845
3259
1135
504
2923
3180
2098
1990
1529
3346
2182
2901
3329
451
129
549
239
3032
2218
1627
4305
2677
3914
3392
748
4855
899
954
4777
643
1949
3748
3459
4009
4085
3336
1588
413
3005
604
616
3347
2343
921
918
3426
1978
2895
2389
1834
1208
4344
3207
2527
1768
3527
237
4363
2227
2199
4149
3234
1395
4721
4496
4658
3267
4948
4002
2427
3708
2867
695
612
1190
4008
4226
4787
2865
4770
293
2049
4595
61
2330
931
1686
2109
467
1409
3794
3210
427
2693
4288
4799
678
43
2969
1130
360
232
640
4180
4411
3391
1280
2370
2479
4870
3092
1532
3299
1942
4715
4243
4280
1962
2198
3716
4011
601
1228
590
882
4330
4967
3409
2149
2342
3682
3563
3062
810
2085
1067
186
3108
2573
320
2606
4599
4365
629
4075
3730
571
1905
4059
1394
642
4309
3184
547
2059
3475
4999
4641
2431
1515
1505
2608
551
8
3742
3835
1249
2511
1892
2054
4733
1888
1347
3918
2153
2802
4916
2405
1149
1578
4264
1248
735
58
3013
191
4161
726
3240
4712
4974
2336
2600
2726
1819
2105
1930
4736
4374
2346
932
2594
694
4534
3182
3044
3393
2381
1710
722
2154
2924
3131
2522
4966
1227
1222
2539
581
527
1740
788
312
2063
2717
2486
1459
2824
3320
3654
4759
2442
1694
833
291
3278
4849
235
104
318
865
1665
2148
2090
1985
3157
925
3151
2394
831
3114
1676
3667
4801
4565
2345
974
4129
1936
2749
2788
2953
4096
4924
46
4811
871
3546
3076
2521
2766
361
4128
31
575
4427
4424
3970
4908
1189
3809
402
3224
767
4217
2213
3578
1638
3338
3314
4134
2800
2851
675
1828
2542
4847
2163
3340
112
4575
2334
1777
946
1506
1198
3998
1824
2211
3358
4553
1755
4361
1792
83
2009
598
2369
611
2014
3385
3421
222
2814
1471
3331
4237
990
2687
2853
1674
681
3569
4124
3025
702
2849
4508
2919
4672
1614
1716
2613
2226
602
1399
1192
2529
3596
499
2111
920
591
3473
791
3727
3535
282
4562
4034
3974
3538
2916
2365
380
915
287
1856
1354
3818
4810
2348
19
4738
3286
4970
3016
410
2553
4065
1535
2439
4645
586
4307
4468
4494
262
1378
3621
836
4060
1303
145
105
2320
3925
4628
4338
2572
2932
770
565
2232
1945
3086
808
4722
507
2968
3250
2625
538
2885
4992
299
2629
1678
3186
2642
1924
3618
54
365
32
1090
2506
3483
2668
873
4862
3814
2493
1685
1406
3607
4930
1844
3410
3904
2018
3443
854
1965
1715
3846
1375
72
4229
783
2301
2235
1220
609
1393
2447
3298
634
2356
354
164
679
4512
4532
1996
4270
4717
4268
219
2145
4509
1200
154
2515
866
818
2686
319
147
3229
4944
2468
4040
2190
4165
4574
1381
1478
3698
398
3265
4207
4578
2123
1618
2268
4723
917
4332
3197
3556
3445
4684
1271
3627
1926
3143
1316
3241
2108
3782
3495
1147
4117
4481
3645
4743
4714
214
3036
3525
1668
526
4841
4826
2461
761
3215
142
4428
4572
3308
710
3961
3168
981
4960
1647
1510
3613
3288
349
2436
1745
3881
1320
3677
3444
3246
4659
690
3737
3681
1846
4878
3579
185
3326
3773
4485
4690
3357
2664
3140
3909
1333
3602
4443
3828
182
1472
4680
478
1592
583
135
4024
2407
149
3198
530
2034
2397
456
1446
4312
2404
2504
769
2053
350
1492
93
3380
422
4329
2899
4203
238
2704
3917
3797
3401
1695
2906
2954
3899
2886
2758
3350
4368
2526
2279
1970
1871
24
2472
3890
2826
1613
4357
2591
2820
280
1593
2127
3489
2133
3422
3777
4594
805
1201
4872
1880
1562
4550
2620
3711
1601
4807
4856
2000
150
870
409
4388
2682
497
2761
2042
3348
199
4732
3540
3631
4904
796
3403
1815
2006
3804
1699
15
1833
2560
3499
3807
2110
3880
3623
1363
3936
1855
2660
2518
4397
754
1911
4414
1260
4963
2806
898
424
2829
3568
1416
3964
4815
4247
2812
4830
1154
3303
1698
3440
4539
4510
1187
2971
3055
1013
4741
2142
993
2813
3424
1325
1552
944
2735
955
2052
2618
90
1310
2008
1264
4027
268
266
3134
3434
2891
4055
4456
2669
1318
4596
2722
1246
4467
4990
4776
1989
3733
816
1489
1203
2745
1956
4763
4653
2032
274
4028
2164
2294
1787
3379
4215
4754
4248
2552
3981
3512
501
4627
2784
2136
4123
2485
2082
4073
4271
1731
2733
3162
3079
2181
1673
3603
493
3060
1630
1367
4490
2877
4234
594
437
403
4050
3754
3355
1465
4518
693
1410
3306
2081
1494
1786
2069
1085
3722
1251
1498
2038
2319
3388
2374
250
3612
2096
3283
4172
4984
3105
4012
1123
1587
401
4398
4253
1954
2554
4535
5000
4132
4502
3002
3913
4095
334
3222
130
3557
2888
108
3008
2667
914
1215
4435
1304
4289
1825
3893
1166
2372
1960
2475
2206
4915
1340
2019
3539
2818
4324
3813
4458
3735
4880
2500
2602
3370
207
2994
4319
2220
4910
1039
2483
1432
1087
844
2070
3480
1171
3785
707
4098
3446
4155
3404
4302
4842
4202
2238