2000 20000000
32834 1008
40836 1393
33850 926
10452 608
10263 1437
4055 1495
36137 1174
27173 1113
21781 809
26929 1466
61655 1014
22852 837
53191 621
32896 919
28307 964
24032 851
17982 894
51251 1412
39720 1119
27941 607
44038 752
12342 1096
49383 739
27075 1449
39470 700
34297 1448
16283 1134
33766 559
12099 1496
21609 850
27797 776
39229 622
28500 583
17396 1165
29344 798
38136 1244
41967 1354
31368 1309
45581 1036
20417 991
48161 1269
31636 531
41127 1452
28617 894
44152 1047
2052 515
10688 856
18621 1094
20228 631
32327 1427
36386 1425
48075 1349
17232 601
47691 953
17436 1180
38817 610
20076 1148
30079 876
55166 887
30830 594
47847 717
42703 649
18836 1167
42974 827
47308 748
25260 511
28973 1379
32033 1220
15787 781
47872 610
23190 1049
15587 1178
58514 967
40764 874
42910 823
31060 805
19983 1480
48205 1453
28562 971
29216 775
32815 1486
23713 888
40770 891
29815 689
18049 1487
51238 1168
22777 1220
47879 569
4625 1128
9290 918
21639 1485
52731 1203
55664 777
21499 894
16186 996
25349 1192
30891 1327
55208 638
39903 1031
15695 1284
4431 543
11582 677
8901 1340
3467 652
27242 1495
45098 935
8634 1256
20964 1008
53387 1047
31068 940
23563 971
13834 1335
30144 819
48960 770
27271 1337
29482 835
20887 771
13767 1486
39803 985
12273 1301
33052 1468
28252 551
53943 1057
24719 1364
42720 1498
14318 1024
59782 856
42673 1458
51951 1214
32491 1291
36536 1113
12677 872
15063 997
11585 1181
42651 500
40377 1388
59815 1445
35422 691
43772 808
21883 1483
53230 1108
39729 1418
35626 913
28794 1052
52151 991
33318 515
35826 1126
5090 995
32915 1046
24365 1113
42916 765
21091 784
46988 1060
44980 748
28171 1427
35881 1049
16181 1010
44710 554
58488 1104
20195 602
19353 1469
13428 1447
58807 1449
46528 500
22086 1275
38667 635
33302 891
18797 594
32332 945
35289 883
57188 605
57369 508
26678 1487
32205 1398
39151 925
32111 598
40468 1361
33107 634
8069 1384
45729 681
28532 1206
41050 795
6514 1455
32345 1225
20835 732
50257 1488
17031 724
44233 1004
48753 905
37924 688
52239 1104
47004 833
38569 1450
21571 1080
15580 935
9730 1372
32668 1430
50842 1479
20792 1336
27815 550
50261 819
35482 723
23282 1472
19899 523
46436 544
32045 856
41306 599
47338 1488
35032 520
39109 1102
49468 938
43877 1101
14908 1308
21837 1274
36071 646
36823 1136
27296 840
34868 746
27687 770
40559 1437
16530 772
50280 637
48205 676
15579 1125
18463 1052
14935 937
12325 1394
24137 700
53974 1127
38896 1226
12287 1498
25447 1160
22469 1195
26784 952
14758 1306
31332 735
21369 870
30036 1000
49258 1295
32492 695
43008 1294
42109 1361
36121 1145
23086 1231
31978 712
23045 1456
40448 700
25305 1493
8002 748
22365 1266
34543 695
15642 1326
57753 742
7026 1145
20785 1183
47775 1224
64507 565
17074 1454
56214 1420
47766 993
27640 1423
59148 1083
14956 899
35245 703
54426 897
32748 547
38784 1161
49682 657
24180 595
16962 1038
37409 605
43892 1428
38800 577
32890 922
40733 829
39679 815
21374 546
35460 1387
26817 1207
54115 967
35660 1044
36301 1257
11996 1090
25804 643
48519 869
30018 1185
42683 753
36073 1335
20029 1115
51540 1378
23341 1140
38634 1460
26366 676
36846 1025
35968 1202
47993 1389
22230 1054
11390 1484
4224 1166
32967 730
29268 1309
49140 1250
45694 889
39553 1432
29573 962
2238 759
4934 657
51669 1293
55800 866
17097 1044
35111 993
15729 840
19131 1323
34690 693
32751 777
29059 1366
61530 819
44505 968
55531 1207
36794 1205
56038 831
10810 915
19177 1146
53059 845
24555 1479
28309 797
16953 1230
54475 1193
31351 1256
51799 739
16550 1146
37506 1232
43802 606
19054 843
15745 972
10260 913
22496 1274
39240 852
34198 913
17073 1409
11352 569
24275 1100
39732 721
32007 1319
31119 712
41085 1319
38440 1424
16193 1472
38420 878
8501 773
33729 909
40721 810
15860 538
16743 579
50892 1261
16289 1356
29374 960
57091 607
30616 1344
45475 858
23424 1327
13685 521
17394 763
21314 837
42183 845
48557 1259
20266 748
45102 617
24737 872
3608 1407
37388 1496
24980 675
26270 1477
47780 833
47846 1446
28193 1148
13258 1267
13503 575
36230 1316
10757 1471
19123 1176
43863 1272
17212 1216
38637 1356
37736 827
27354 576
27349 1152
17415 1201
15223 943
15670 664
18590 1137
44545 594
38381 1165
18906 1339
46692 1306
40713 1287
31577 617
30130 777
33656 1274
36558 518
43464 1115
17198 1399
54439 996
33404 763
9418 951
12859 684
33854 1298
60611 535
5483 652
41030 974
33292 1351
36303 1037
43577 1073
43071 976
13150 953
21327 1357
30531 1057
33427 885
21251 1104
47218 660
54806 789
25903 1247
20809 968
9701 608
17857 593
25476 637
13309 904
20951 1096
19154 1284
20093 837
30317 1214
40947 593
20310 1132
38025 574
26984 1008
33130 1185
33500 584
8598 1398
37693 1331
54505 687
14961 923
48915 722
36790 583
18079 913
20644 926
29677 1328
28710 1248
45112 1483
34179 1357
25745 1246
6999 1478
30948 1173
24219 624
45808 795
44442 964
30031 1412
34555 739
24180 1156
22715 1379
18345 934
44847 1437
41999 1416
17416 1088
16286 1051
27977 747
24107 907
27729 1121
47711 1149
40148 734
25785 717
33760 1443
33431 886
16094 1440
27943 564
53896 678
12405 842
23029 562
27234 836
38292 1462
35239 1016
23081 552
27863 1102
57298 1169
57691 716
28933 1272
33397 1285
31121 1183
30783 1214
30106 1427
5803 874
16543 628
23682 1315
50292 1435
21094 1024
34889 1328
51664 634
40866 786
31763 605
31070 1463
35161 631
36529 762
22434 1083
29227 993
53705 803
48817 563
34432 1476
26239 921
42832 801
25132 1339
59292 711
16295 648
15259 1162
37173 1001
30562 963
48243 1003
52696 1265
43351 1328
12225 1461
20782 1216
35509 758
11680 1017
26663 764
34729 1476
27744 1446
42655 1408
46466 1334
57136 1222
39560 1319
33377 909
51777 1414
11409 1092
19033 1143
29813 1028
22097 1006
31259 1036
40579 949
54761 885
26399 898
59292 1212
34610 1231
34122 619
51099 929
35425 706
41493 1361
18087 1294
57394 1039
19769 803
39516 563
41869 917
5842 532
20593 726
34993 1483
51979 1101
12010 805
51673 1281
21317 1070
29103 643
43366 1393
25788 899
36293 1314
45446 1174
42165 1077
8683 671
22879 1126
27167 588
48325 928
14258 701
17601 767
41096 531
27397 1110
29151 1372
44057 643
24398 992
58977 1463
4545 992
39190 664
38527 795
33609 1305
11814 1465
41700 821
31659 633
37802 1241
37723 771
52787 671
27102 807
50930 973
41775 1404
27952 1164
49574 804
35343 1107
46320 949
65416 1131
18706 941
26479 1033
30058 1256
37483 786
2991 1338
26368 823
18158 581
41095 533
47757 560
28208 784
41288 531
29191 1012
3127 820
40941 1293
29126 565
31901 740
40125 862
15526 737
31544 580
50035 547
19885 1066
33352 795
46570 709
46907 761
42517 959
35904 1241
12203 670
5664 1169
45698 947
13182 987
27592 501
19410 978
58627 571
28270 1260
49936 975
53630 636
29989 639
45313 1204
17361 1035
36305 690
16375 1099
52385 1200
37335 511
13564 547
43015 927
20543 927
18035 785
10409 567
30049 1086
26697 846
20593 974
22537 1417
13718 1345
48811 939
21535 902
40905 960
39859 917
23252 589
35661 1205
43543 1364
24644 1200
33203 777
42311 1379
52898 1296
8538 655
5556 501
42716 651
29334 652
17025 777
30407 1048
19032 1423
26787 1213
52424 508
25177 798
24461 674
20725 994
52924 1206
54104 1040
43973 545
31035 1423
15468 1061
25137 538
18895 774
48292 940
53094 526
9429 881
35323 940
25565 550
26294 1041
36527 990
53781 602
1300 1421
26349 1154
53423 917
32108 710
25591 1131
39447 552
47425 731
15565 1415
20916 578
36803 1417
37972 793
30343 1336
36089 845
31999 1379
35671 1323
9831 1145
41461 1325
7255 1252
34102 1143
15805 905
51796 1213
36316 1145
34401 859
33620 1340
52550 1093
46874 505
37060 1134
29564 1185
57207 970
41760 923
33743 1190
40963 1454
33559 618
25212 939
31855 1151
4150 1320
26578 1157
27450 624
13587 696
8420 1087
51929 1318
30955 1383
58791 952
25691 1367
22231 796
27803 536
41882 981
33385 984
33787 750
44248 887
16858 676
39002 1222
30707 1218
1458 1468
45270 1251
39167 1495
26093 1084
34998 875
24186 1137
44195 1228
28311 1196
60655 923
38454 626
4375 887
32800 1399
28399 609
57590 1455
31144 568
13876 884
45252 925
25899 835
28451 566
14851 688
39417 1036
18111 734
12246 1109
41529 809
47006 643
34595 517
36751 1084
21254 1013
40001 1241
25924 918
55198 857
56855 643
49135 1316
15760 689
42704 602
25242 657
24630 1458
27126 865
20849 660
27965 740
24614 633
41443 813
16722 726
22574 506
43082 526
23108 804
54718 814
43804 521
34483 1120
42376 892
50054 906
31539 592
3821 966
5022 1113
29942 1457
19235 1092
31239 756
4595 907
27101 1271
27416 1092
34446 904
52084 1312
38792 1170
55489 1468
22673 1123
34962 685
18629 1018
40782 788
22941 1383
36664 831
32228 611
46953 1274
39105 1413
33492 1191
19634 1332
59203 915
43659 817
17494 1176
49275 651
41609 1277
35080 1034
21036 842
47631 1238
60009 1310
29638 533
43075 835
53180 1235
44433 1389
53205 1235
8200 1360
44368 1367
10287 1191
34753 1238
20587 598
29719 754
17394 666
60313 1407
28120 910
39650 1336
30726 1453
37098 1242
43583 1476
19965 672
43291 1309
12995 855
38157 1270
20280 1063
35166 833
4529 841
31536 546
21982 1437
30844 662
21443 1258
18198 663
28351 1383
25509 514
58502 1100
57517 1338
23592 1034
42375 675
21770 1440
3427 618
30185 806
26189 1288
15323 1067
53287 987
35149 1198
31657 1215
38151 833
18789 877
14629 915
18629 860
41501 1395
38668 774
23997 1433
40531 823
18986 1087
46219 1027
25828 512
6782 773
31166 888
23247 890
45542 765
35062 885
33508 1151
24646 1330
32148 1237
17128 1252
32044 1488
39134 1136
13882 983
36609 1160
42405 1194
13829 1426
24488 873
33138 896
16090 516
42665 1223
29481 866
23525 857
28891 1226
30520 563
49037 1117
28043 753
43318 1203
12704 1239
18722 1258
62225 791
31480 1165
48464 670
10678 1040
30373 1176
65200 621
48948 952
28822 1227
12278 1155
12908 1074
31164 586
33424 858
58416 1196
22968 826
44244 1435
31219 675
17923 587
56741 628
30188 1456
1676 932
54683 1221
44223 1180
12273 1279
52651 1346
49319 1033
39701 945
54097 1174
51740 765
49750 1108
16949 720
22010 1309
11309 1273
33621 1420
24875 985
35674 943
14766 1237
31186 1016
48264 631
33887 1404
11754 951
18811 749
32344 851
28535 873
39346 1373
41854 1322
5674 707
30864 980
50001 1165
9865 1164
39180 1098
10521 988
34456 1108
48843 1241
8586 1417
18431 598
46291 537
34288 1024
44981 580
47535 1457
29905 987
9000 901
35097 843
24602 1497
41695 998
43807 1456
39110 602
31402 1054
45260 696
32773 807
53063 744
1617 1293
34277 529
45446 1342
33452 1380
40313 702
24313 1142
23763 1374
20098 1489
22547 980
44630 884
3223 1403
29656 1432
43917 1230
31688 1459
39168 1162
47421 821
19155 691
50337 727
34751 1499
19131 1495
34388 616
23468 606
27647 1340
39397 1165
11263 1244
18742 632
50799 874
15813 682
26432 1211
43792 1314
25918 988
21228 1087
41223 1061
38022 1321
17432 1446
23397 713
57281 512
61030 1220
27693 1328
40640 997
42844 1177
22272 1122
21545 511
35339 986
22854 1158
33312 1415
16444 1498
36820 982
37998 1302
39189 809
8723 1206
34856 1280
5440 1398
6827 520
30940 938
37013 1275
38315 1060
47924 1465
45381 650
27691 512
44317 695
50297 1145
34172 1302
58230 1484
45188 915
30156 1384
56624 1267
42116 748
37455 817
25595 1274
44428 928
41701 1360
49771 780
22865 1005
55619 930
30628 892
36421 980
13725 730
36990 687
16721 798
32974 870
52782 843
45293 886
33786 1062
17008 545
52690 784
42432 1132
35117 1305
31004 1387
38103 624
18337 992
49143 988
10304 944
39177 550
15553 1262
40166 1063
37064 1367
50618 1148
22733 782
31242 773
37155 824
23476 1357
31987 1382
30447 1168
34111 766
53574 1127
30689 939
55458 970
42635 1208
45632 1065
26053 1475
27061 557
27635 1142
32750 1490
4174 748
23090 666
59879 731
37151 758
20136 1438
40873 1308
45651 735
29216 700
58755 644
21800 934
13480 703
50367 658
26380 1005
39740 1184
40400 1394
41036 1134
37616 504
30708 1221
47164 1276
29075 829
13919 898
46815 550
52186 878
23267 615
35847 745
18695 816
32278 1051
5129 1248
7187 837
42238 1152
45535 1090
19028 807
7221 769
42705 1453
26532 1234
32913 570
20375 1060
28684 1181
40274 545
28432 1287
26347 581
51136 1478
44630 1180
25499 523
24668 1346
31353 670
45984 1434
41349 1238
59290 1103
47686 611
25500 1383
49561 1284
46546 1220
32436 562
29243 1323
37413 1292
29105 559
25810 554
28903 1483
30456 1404
36712 748
36653 1178
11921 926
18784 922
45217 691
34261 1014
38823 1497
47146 1043
33933 1210
38486 749
38421 1330
42917 511
10201 549
46013 676
29002 1119
37278 1042
33971 724
22172 883
44597 1000
25956 820
45770 1325
23805 1374
28483 1120
26564 617
22346 1324
27248 564
54369 614
37646 520
34019 889
51202 779
23295 1481
30477 1127
39873 953
17474 1225
48650 1159
39185 660
43411 724
37695 708
54767 1028
54249 1308
51592 1396
11908 1370
30879 1296
47072 1198
33869 987
46370 1192
22917 729
27334 1040
12304 1116
52131 1413
27025 1067
34793 704
20607 912
31770 568
46895 1462
32790 652
63176 954
38418 1452
20046 1192
31132 1121
8601 946
36505 1314
39004 1021
12361 1007
40225 894
24639 655
48200 1461
21865 1146
25356 1377
27407 665
32383 1270
61389 1186
31370 830
21658 637
8430 653
48066 706
22599 638
26603 1082
17157 751
35604 875
48755 731
30098 1390
16817 845
9492 1482
40122 841
45981 783
38753 1155
42638 1213
28749 550
7578 1283
48129 1031
57808 761
41942 705
54422 823
34048 1080
48809 637
28550 1311
32544 1058
34124 883
39527 1208
47371 1326
10565 1171
27988 965
10199 1038
29585 716
42132 678
27396 911
20297 1165
32711 1480
26651 706
35276 1397
36488 908
35804 848
28775 1405
37528 1309
22756 1050
29564 1321
40838 1380
27608 1174
30507 1427
40919 624
40200 1415
31097 644
26538 1495
26521 1373
13816 594
31978 632
48689 1145
28402 950
48359 564
29974 1093
33802 970
34703 1080
27105 659
32366 1323
38920 1223
37022 570
14965 1317
45792 1279
36470 862
22221 1256
20912 1424
35288 1176
37154 732
62538 1139
22561 1281
47174 1203
16219 1465
45252 1094
23510 1488
37014 726
3566 657
57702 1384
45148 1209
25272 704
42794 682
51426 696
20161 523
23577 1422
19165 1124
30564 787
46485 997
26534 838
44629 1027
43673 848
18659 650
36304 623
23647 1335
44465 1364
12860 915
21633 502
38218 1228
14681 1406
16556 828
7978 529
12002 705
21439 1346
18626 916
36536 967
29815 621
45201 1368
33931 930
24986 557
34520 1259
37117 807
29590 1026
21437 1489
15441 1148
9137 1185
15088 1202
32398 658
32945 1164
58587 1264
34088 714
14588 1093
46405 971
32298 1375
25164 807
30582 537
37083 733
9930 1310
10217 598
44009 1018
32706 1321
33643 674
20749 1046
9667 968
33736 1420
34362 1217
24136 1365
29170 649
37947 1343
52964 658
46503 1065
15076 874
32232 1060
35481 867
33462 688
43142 1440
49949 555
21510 744
38532 1455
16457 1084
31658 627
37721 1121
51105 1078
17689 834
46299 1159
56896 1403
53786 952
38755 808
53630 1009
22505 612
46972 654
38166 1109
27105 732
37123 804
7894 1134
31137 1165
11220 1470
26554 1190
13492 523
15857 1385
15012 1222
26558 633
35623 1254
30836 652
36637 650
43580 1309
31164 1324
15639 1069
22416 961
13793 1421
32127 1178
32075 1141
22473 871
24286 1104
39169 911
26619 1036
51478 955
9949 838
46158 1449
18837 1414
14918 522
40207 786
31989 518
27658 1445
28583 588
48673 1003
17923 1220
30406 633
49926 1213
54337 545
26631 1216
52918 990
33714 620
22301 806
41230 1321
30281 637
22137 1160
52196 1341
29864 526
28014 818
38312 1493
42306 887
35808 1427
37266 570
45326 721
41831 1422
38215 1343
32163 1446
36344 948
13311 1494
9448 888
27151 1329
26421 634
53818 805
37971 1475
36036 771
44306 714
59077 1249
25239 664
31024 881
25950 778
42958 953
37952 1035
32833 1370
35687 896
30979 1154
37724 1396
36965 804
28666 947
19346 707
36729 654
38283 1427
39271 1206
32297 656
23974 1331
55583 886
9080 1305
15607 1049
22642 964
57873 500
8064 1499
25000 1043
49129 861
54478 1299
29769 1168
54124 878
39321 887
21316 600
48675 1007
26351 749
37008 1058
23776 817
44764 990
15968 1159
21853 1108
44691 1036
28097 1178
43374 651
32271 1067
41671 1360
30626 603
34119 615
26161 764
37229 1106
32458 998
40086 1167
36563 1479
12275 528
51978 984
34700 731
32387 904
28997 713
6573 1432
35798 1232
41295 1262
26066 763
32132 1252
31907 981
43203 880
39817 602
48859 1290
39583 782
27632 762
32214 950
15233 1440
62458 676
51042 1027
46505 964
18115 755
50272 507
32040 696
35183 1051
35184 1186
21761 1041
38095 1289
48406 1368
25045 1459
23689 700
15206 1234
29196 1473
50112 812
24360 1442
41851 987
34624 1293
39041 876
36491 1266
25883 1151
31006 1233
40677 1477
10720 858
56789 1047
16788 1291
19256 1386
56789 790
37045 600
14355 1258
42827 1255
42137 1174
34381 1152
29062 1130
12906 521
42455 1232
44199 875
41053 852
16739 1127
38592 729
46931 515
29829 1187
56965 951
39426 927
32607 1187
31595 1463
43422 687
40906 624
25432 1034
32768 1213
14331 1188
17862 659
10061 886
27310 916
29804 670
46883 717
21707 748
41318 641
32571 961
35985 748
39650 699
26517 714
36411 1029
11325 935
11805 1306
48682 742
52406 837
43477 1267
43148 965
50065 970
47996 714
42631 887
27069 803
37817 1236
37084 529
45313 1359
30398 1466
43025 707
39073 1431
42353 787
55835 944
46981 1452
37915 1196
36230 849
997 1362
38533 789
6679 1492
32876 534
10664 807
5885 861
30437 1302
33491 632
42611 885
26718 1297
35921 1352
26344 1398
56020 619
30610 544
12713 759
44121 1357
36056 557
53002 919
37820 843
57427 1491
18445 1050
30388 796
38104 1088
32134 1206
15747 1127
21500 1181
11466 1173
19487 909
41925 1307
35281 753
18657 1256
49612 814
5859 1101
55458 597
44010 1000
57788 821
30827 585
32348 928
20020 536
40091 1186
53099 1053
38508 751
15757 585
12440 538
43120 1449
31170 1279
32066 1415
2402 1476
30088 1242
40650 1138
26146 569
40997 1053
28227 542
63861 1073
34426 990
56209 1443
28589 1066
23341 1397
33305 737
28627 965
23637 717
21219 1324
29261 731
16025 1064
31815 765
36101 546
50659 553
14097 1249
23828 976
45951 584
41257 793
46569 1386
45512 1027
52672 513
48623 1321
25935 1100
13042 622
8375 621
52097 1165
40177 601
32416 1150
3793 1370
20141 1023
16894 1245
30815 1176
30715 812
33218 1057
42786 581
43326 1107
39333 1028
46222 1252
27789 1394
40906 1068
28347 1141
44127 981
57324 807
53266 1179
36781 615
33793 513
23660 1101
29604 1269
37481 1039
35781 1128
43709 671
59788 1399
27227 1099
10615 686
24844 1293
38491 1497
18546 849
14438 1369
17159 708
17437 871
31517 593
59743 561
41436 1347
33377 543
20040 685
41648 883
15417 1295
34357 610
27490 1352
57385 540
40525 709
35365 882
47450 948
37654 1059
33220 1022
44610 1472
15517 544
33350 703
11726 813
22552 593
30488 803
43526 1436
55063 1323
37558 1065
18491 946
39973 737
32718 860
61097 665
52467 1403
24560 852
22435 1005
57856 998
16303 782
53814 778
39873 1031
10313 1238
22619 742
34117 595
30422 861
8849 1167
44133 810
41195 731
57618 887
14183 823
36542 952
49780 633
32802 682
13016 1235
28626 544
23729 1019
34613 1365
42611 537
48526 1317
38893 774
38647 1013
51525 1313
17250 568
45561 1139
40344 1008
22494 1256
35387 1028
24097 1204
46788 772
29770 660
14470 1143
9524 1496
35755 577
34326 618
29235 651
17791 552
45817 954
39508 1138
14511 914
37585 1415
37086 903
17294 944
19176 900
22136 524
46855 765
31188 1059
34124 1357
44865 1284
50338 1497
31412 1001
16842 1094
29051 1271
50781 1020
43324 1271
47054 938
34547 946
38503 1250
28152 1093
23623 1466
20216 554
48235 682
5880 912
49572 1192
32344 614
19866 1425
14282 1276
30674 926
32608 811
52386 1085
35197 882
27711 569
53727 1417
35248 964
51867 912
18904 1228
60194 1325
33394 1245
7991 769
22797 1425
38391 1092
49685 1189
28891 1270
24523 804
53934 518
16713 786
20119 1067
33152 1499
46867 519
50747 1027
52472 1303
40730 1158
20085 1262
50329 1477
26126 649
46856 1135
31137 721
48529 1319
55652 573
50486 776
20198 1269
40913 1229
35851 994
8980 588
31249 633
42887 583
59535 1013
26510 1219
40049 1396
15970 1099
48895 1030
50964 1026
44244 570
56206 1414
42216 1241
29587 1193
55176 642
25531 1054
21849 525
31864 995
24154 1451
35094 1082
37087 712
44724 615
30872 920
11085 1135
32137 928
62642 947
45840 1409
46989 1235
34532 1099
13920 943
20499 517
34950 1364
15872 830
47407 646
10091 888
18021 1434
47465 1145
32779 1313
34407 1329
18136 1072
62765 1129
43873 1371
4055 542
27918 1381
45787 507
22816 539
39943 701
35251 1032
22912 1005
33975 1168
39110 868
15094 623
21932 1447
26386 1047
26976 1120
52358 1398
31082 645
22178 838
18086 1273
38799 1381
23626 983
42833 868
40676 1379
25281 697
15195 1218
35473 1486
30186 540
16969 793
55592 1130
28493 1483
50435 1484
30677 601
56769 728
25075 664
23295 1136
21139 834
46771 889
27764 515
48172 590
36657 1464
30478 1099
30268 995
33368 595
47069 1160
46941 868
9272 661
48335 1454
33861 707
30129 626
47319 1319
20578 669
47512 1269
30102 1282
29704 1064
22365 982
35458 972
8219 1050
62264 1085
33167 951
30515 870
25549 1330
37205 1244
62532 990
44376 1434
38075 887
50893 1116
43598 1175
26654 517
19571 519
35214 866
21496 1132
53301 558
18945 1167
44294 916
46864 761
23498 1369
20982 1031
16931 969
36580 1050
11915 575
36446 995
30547 1365
60483 960
63910 1106
61128 890
30853 737
38267 919
23497 1397
34882 1386
20261 1417
26202 712
49443 874
30041 1105
16931 1035
12333 900
17248 1312
46619 732
46572 773
39362 558
35248 870
36887 986
35950 798
32617 688
43199 1057
28252 569
34070 1211
53998 956
33468 1296
49525 1296
7381 1411
31647 733
42839 1208
