2000 712450
115986 59303
428683 5847
352637 60056
290570 97977
902977 32426
116641 99567
171083 6155
482445 12366
505365 35291
974779 80212
126084 19049
491169 81591
379121 56910
423098 41988
877687 20
959477 24631
983048 11369
229821 75007
429915 39597
645090 66160
938342 96216
483228 48482
28446 43196
682678 63635
320557 54896
159995 66562
53250 93511
477783 30193
133956 55850
468956 67739
263878 25051
882714 36658
914656 26046
996684 95812
596633 18283
84409 53441
223373 82506
370161 91985
189983 96962
205066 9663
387183 47541
910859 81517
617593 88469
924589 74564
156909 830
595111 40927
873676 67062
719160 55981
184609 55301
737334 91772
59816 4461
127184 9904
253312 18964
858492 63363
422275 93588
245596 62884
486628 91882
412809 71134
825672 39347
668160 36660
692104 8114
64789 15369
20642 52190
109438 23080
334947 47118
742677 48118
711171 21615
238157 37945
648980 21639
536235 80281
957819 80845
399715 95669
259392 90423
572911 12013
510430 6108
181992 12661
802517 17160
777183 51165
188860 19
812786 6439
833102 79316
996775 46616
511004 8133
796225 58248
69462 45702
591616 76214
767508 15274
74869 73719
18978 22515
194757 21745
33902 6834
349958 45716
341101 47048
363174 17626
362831 34744
567440 98190
725927 21496
495745 21611
214875 19334
226364 25201
447874 26244
888205 13458
565527 56160
19064 39110
598353 66192
99662 88245
516430 22886
728966 86711
108288 34311
575516 91755
369094 23574
3639 6012
54219 92890
990929 27987
648138 58227
725124 8769
562510 38961
749400 74664
345766 13388
691843 85285
100903 54074
260656 95074
996593 65987
664683 19243
239578 45205
845973 26440
505617 7162
709821 78673
113050 6323
992758 21581
834842 28011
20797 69664
410064 28158
604936 11334
7176 54491
132978 40795
527717 64596
782250 12855
616198 40770
809230 13087
444074 30517
268389 2075
87619 41919
805812 32741
656832 4555
139527 63682
966013 96362
54893 75870
311959 28705
476297 77966
608101 49814
562575 51377
223132 25259
831521 7012
666416 14591
598774 31240
277177 84817
826592 33182
138847 14263
382530 45512
688985 65465
500611 31584
15047 41932
619746 14013
185035 72150
503604 27099
893715 7977
970006 33961
396865 21220
697093 51636
929196 78969
541617 24634
379119 33400
112867 86532
506359 28426
851438 34798
226418 53685
238267 52302
582392 92221
818013 4433
680708 36993
258240 17598
885035 22371
588683 62334
728341 70507
925196 27131
747364 53102
844393 35321
874637 21333
195060 19081
34372 89129
189541 27753
828399 39047
753582 31494
894760 28958
921036 25591
502617 79056
512588 72160
192488 70039
380164 24371
343217 77258
575122 92402
903591 49424
45978 42038
713339 31042
148122 97753
246583 38919
598848 28887
303162 18483
648388 68334
747740 71319
991207 87531
893405 56588
20075 92650
354885 50892
21307 14721
816392 26823
858490 75648
164053 82748
379754 56716
249747 38043
312896 90599
17953 34211
989515 79762
39243 86905
336350 59086
50953 8594
7522 51077
46003 82307
762489 97965
673876 4448
31389 4455
938284 20131
813341 87316
286282 14725
681880 4137
574605 42132
844180 3012
731400 72751
556010 65026
239718 64974
357304 26445
110257 46182
702766 88356
286294 20138
814446 15814
972841 16063
787382 12817
243434 81216
605313 5270
94934 35383
124970 1914
188253 76561
315181 95368
371869 51955
666001 32990
974981 62880
652585 74351
492025 79100
113872 92134
269110 88943
50032 75734
253130 87461
289851 30049
254409 10642
896879 17560
536090 90581
276355 25087
213661 37234
880980 29976
175157 34767
562519 60301
635080 70558
400126 45424
106805 2448
408800 26612
18094 43371
488734 85052
868010 85684
277613 24605
902328 74259
914146 1294
9060 77992
480024 93802
25302 11026
782254 91439
689389 89234
305843 55
202487 21523
152771 93345
597617 10412
766987 95692
229436 62048
595439 96869
558896 22525
640621 21668
376381 214
501616 80611
422456 63121
377519 64493
323353 19406
128811 28039
306950 25820
328438 51245
209277 16070
6961 87512
2327 18184
754251 74705
710819 73171
892128 65472
605872 7338
215582 86608
344031 36760
548879 93295
187485 50028
327222 99226
562410 56770
879455 22725
281665 57027
960512 76089
311080 7759
479208 84429
95530 91423
858654 28536
443646 68125
835016 61907
47353 5095
833836 68243
134893 56645
300165 65780
781114 50883
606485 12657
804454 89026
961382 24786
216501 95891
800280 46264
815058 60905
185785 67785
71165 36030
196709 33544
602913 76591
148676 47402
77952 5622
238459 32207
734093 31869
341702 44790
681075 36168
476594 19097
443016 10708
431972 78551
323877 15691
844625 33662
697923 39919
952471 16257
60576 39414
877278 95826
478032 10925
71321 33888
171595 40744
644052 18342
295798 64994
533139 35275
77395 24229
55510 27812
568694 70603
598824 27790
674742 97719
724369 86773
358366 21743
946337 30457
915808 41901
595778 1544
701230 30165
531443 50917
486270 10625
490987 15746
702318 50363
184964 86382
544952 81123
304953 69334
693750 82502
396345 51151
147572 43084
626293 62469
830317 1664
409074 62611
808501 38011
411881 63137
927987 21436
190253 62791
999169 48518
179224 36723
537629 36414
471313 47642
185819 15463
979969 97011
958020 22235
738991 92612
940857 41659
816568 75435
763552 62832
328770 41719
554755 42165
99076 93144
285220 11447
327792 51191
703035 27220
680116 32159
283623 98759
419927 55034
183550 44028
228523 99117
965261 28573
659707 13743
969148 77745
245212 33972
817643 65047
469734 45881
722248 31489
718476 24840
818299 92605
851985 7328
522604 90976
95447 8532
920135 22416
186286 93900
892134 1859
544898 62298
306389 74912
523871 36509
758910 76202
459893 42461
496584 45681
780116 10973
196573 26066
593108 37779
710185 45140
588752 65634
187640 44505
810395 89142
649000 10643
880903 56544
27447 78800
41886 97369
553736 76786
899121 72043
938018 15068
864977 11580
499015 73032
507186 26556
68275 72728
579601 90736
138170 80393
394454 85732
167518 6086
480425 70759
350496 70119
330507 39582
929835 4201
792080 8691
811426 52761
708299 55601
57965 70887
94464 78690
982399 88123
843177 25054
600222 40085
88185 41086
245109 26824
552609 24709
966197 25593
84024 60601
31852 33267
434482 72356
454338 9216
368341 96885
467596 40587
89817 840
827626 55320
658940 35087
211058 85268
664956 56240
542634 87796
141380 73940
769512 63777
730519 43543
872717 96815
601968 78549
867315 82890
155049 58883
472641 74387
16599 47802
253726 14194
85591 91671
87496 78111
218273 79713
802843 43111
373870 9397
522021 58349
317389 13088
221920 22585
599422 93465
85692 29320
974883 16759
846015 2541
755705 62188
262217 44695
387751 20915
278809 4532
930460 59362
515088 49465
750976 19142
843731 56466
680096 51471
88044 33465
299706 41344
702635 92747
355299 10391
368626 71796
36532 41136
753953 48476
504719 34964
884025 22167
343585 28462
689236 54109
115990 38649
433726 73699
326947 17061
218489 24434
637251 61517
412240 54745
787573 59622
89497 42758
908803 3816
432820 8423
97995 21374
622485 83329
608088 63157
456834 53443
112132 82918
733388 92253
476783 80040
577652 11614
496918 89369
647106 39123
486135 44308
727242 39770
741804 42422
162939 53544
996807 28130
223901 60239
530776 34127
393283 32719
598782 31766
580933 89551
267645 7821
50906 6320
55523 5260
258386 66436
108631 55426
573905 92149
308337 48924
458727 19361
230581 72963
810623 14733
558375 38394
937529 32973
970688 95003
236390 38274
615516 40380
322001 41431
442674 98670
974933 84086
51745 33414
452231 32748
62901 43819
504600 65486
911090 21399
602569 71774
808702 51439
980348 79335
561944 1461
300997 39665
669687 26716
72257 88038
310606 37855
712507 93796
623456 85618
768573 55679
111052 84220
868817 56900
398361 22630
692205 32036
893311 36432
757437 94941
405556 14476
663582 10660
480866 12597
94032 27628
865767 65202
200587 51383
796817 65139
81301 1163
24284 60694
307485 93030
159448 1665
702006 31271
873952 77306
397990 60185
670315 34959
775313 7471
939688 80604
492641 40627
362884 61605
579229 91441
396912 87432
525690 15608
511122 34707
919176 83183
553425 96127
801936 6781
934754 39693
702965 62541
54053 46378
423110 82711
11034 62660
483126 14006
138773 55456
260697 47067
334267 36232
9221 30482
997664 76724
189263 60759
598722 69929
1123 1488
636631 28140
404213 65542
331490 20073
472708 34341
17226 67523
137987 85923
227863 69005
993356 75209
339558 94263
752911 91372
688922 14393
685357 93908
899780 67560
410473 90310
691022 29086
110622 62276
826608 49932
766720 20869
55 31060
903147 51116
792775 79202
286029 57092
233408 76155
969501 74422
43686 63947
879932 45974
352098 8310
120130 34702
137707 35677
695087 32125
273159 61109
22325 89432
983038 99501
261929 66099
258728 7558
848555 17050
494345 76368
869761 23710
116908 75266
375250 49461
824108 77389
618610 26620
933789 2198
583293 38177
525032 57465
450468 37652
187523 3906
82857 33811
588063 82198
226988 19052
168528 84485
245730 7890
483206 66157
387475 65721
111639 70842
972801 72608
865029 54390
610196 88583
884873 73594
342736 93309
99344 11955
511354 27550
559227 1863
962037 92800
990227 66086
29280 92681
591233 53754
2181 2933
526406 75849
153913 28700
355954 26785
31127 69705
205211 3633
378785 7898
345170 52796
615941 10521
193871 45615
148638 3202
252809 80914
463226 47038
602008 14553
932594 41049
30572 48073
752697 13514
941569 64595
205373 24448
851527 26843
163218 29641
649970 42584
314675 42660
465714 28103
91359 47100
616820 77438
82681 78665
517118 60150
462260 20072
619145 31482
222260 25144
122407 44720
282089 29995
158214 91369
805934 22439
698912 96538
725969 5056
367387 95425
742529 92487
435402 48847
827749 35693
373859 76882
565659 1215
610908 13331
986841 55834
367907 39005
318301 10752
168165 87556
262134 43341
415534 72389
214078 39893
485701 64885
202293 71347
358066 73472
570602 62555
725698 21702
637578 62639
211097 12101
280801 34247
646137 82921
929216 51141
468808 59487
860832 97599
341638 18533
609389 13448
328389 79247
135941 24938
871786 14516
110995 95552
442883 15744
418119 13204
249859 86372
953065 54516
482014 94283
586184 37699
832665 98980
155313 70690
645609 26143
336438 59045
560127 94532
601135 1877
89440 31174
174619 98305
782417 88943
175192 1788
340230 5640
223340 61489
582659 60255
422379 24525
251675 8035
660399 73332
331981 68872
868252 83898
814314 94261
261690 22409
67798 35759
536923 93680
117431 20079
260094 59796
508625 54646
617516 95269
765289 58215
19715 10312
506285 87899
624717 67831
106365 26291
644016 60969
162077 92279
206417 46880
706412 89641
327830 77828
763186 85515
725523 33775
979611 56900
651070 50040
596834 97345
921069 46292
818752 6091
826813 84854
93835 86932
612516 46704
791555 75658
746279 46274
499610 1193
264400 85079
253775 52527
332575 31873
822085 20856
382344 41617
809993 74338
833372 59693
151818 92248
159021 64143
904554 94270
86542 85617
496032 29620
480003 98434
338370 74264
173710 11667
522348 82123
138664 44265
849411 6118
239986 35141
210060 3944
582817 96646
389380 73499
307524 53360
108071 61651
999340 87961
923760 73217
832548 97163
730732 80603
973894 79835
167942 85437
679880 30958
936461 73865
165423 50428
187359 28940
598042 71473
437884 78105
419887 37726
837693 67683
27017 90903
515330 24129
24936 9136
170103 16586
318933 51791
470761 90305
644935 14993
275998 65841
81090 31945
788449 59287
151043 38635
880817 19990
534085 18743
218958 33897
972368 19026
431915 31158
187850 86391
52739 84595
849371 90370
721573 5728
575133 32802
879616 11176
189554 63853
360901 238
655829 94366
650536 61948
883826 21256
455434 22747
821707 56577
660669 51704
915935 45720
88690 78782
807920 51494
780036 97952
552739 19521
482451 15705
287191 33100
908702 98101
117799 86306
485912 2869
545438 38772
208410 46468
701695 50827
248783 26823
523167 71882
315227 73866
624521 70634
90434 46278
266138 43232
414139 62506
249982 1021
319513 30550
333003 34875
423089 43138
376311 48270
688224 30435
225998 6729
458495 39008
606928 1821
39872 16491
957988 26636
989999 77400
929904 73599
106236 14031
313746 31736
658501 43634
248052 23721
214783 50851
563233 90752
885780 1449
370009 69173
462246 19588
267609 86077
886441 85298
646188 2462
859576 28051
447607 66132
48812 63360
727637 43189
494098 31149
279307 96804
997623 31983
521173 42282
328173 66259
206370 33424
631532 76299
485459 9603
812832 47385
773149 58899
489572 70683
641657 15373
644642 25282
835561 92870
843079 23157
543228 36041
78968 15690
592760 78194
910901 71473
631405 96656
870966 53225
452117 82174
352247 29297
399745 59524
843335 19932
672566 78669
684282 94870
329123 48410
407373 5589
882158 45346
760782 2319
778470 8622
531503 7397
181595 35793
716903 49917
112401 64527
770965 59832
753962 74975
855743 67952
985664 89926
827870 80538
206424 11897
986480 41293
737722 6645
841006 21248
721835 90044
376100 42069
349932 65145
71172 96157
453954 31415
772540 59872
514923 22537
606148 21956
426114 32814
78834 11262
511492 78506
535065 49389
450817 18187
861095 13372
730582 57951
223323 2969
991473 65877
226572 73583
80725 69352
192058 65486
886939 11785
419386 77778
402003 30516
276710 42251
217993 99040
324912 70011
706403 19237
611252 90441
739183 99204
210787 63825
922627 67690
67785 2078
636662 22689
556564 36812
867805 33437
560493 73666
618547 33376
929047 47169
887834 76856
891071 51262
997360 33130
632923 392
915357 36648
701884 8131
159288 18768
50488 22388
631732 4878
25984 79779
397925 31336
361305 56703
491606 42231
905822 23453
280925 98500
358952 7511
486305 6497
479284 67670
645304 78308
651516 61147
838981 20849
309268 7061
752532 10594
76606 96692
58071 32486
614037 20878
798310 29518
224153 27559
290685 19137
992390 85596
431866 20197
994753 60698
216977 34201
859378 8425
161265 48744
849927 62967
19135 63918
56335 71345
182638 27271
408710 46728
257648 81798
133469 7791
667182 95148
600867 37356
447068 71423
679672 41976
858909 14926
943861 70190
435577 603
656800 8604
806065 47092
935031 22137
858051 1334
937358 70353
830384 76051
373753 57287
883555 68448
377798 50958
64832 21435
279570 89933
709587 10362
985924 94952
748418 43405
781612 66457
933241 92798
998866 96389
749241 81907
943008 96839
912818 59668
667736 53656
603198 96766
260876 86186
276510 68924
710658 39098
969053 43841
330334 34358
33458 94367
58273 43896
147576 92901
210177 47889
139882 12144
9576 89372
507588 7740
810786 22458
470036 85318
380217 29264
737493 45111
615595 23697
101916 24691
8207 63494
204234 1523
486090 65213
233154 70728
868514 72208
710895 28393
751195 58737
245644 43988
132375 84981
524710 23043
516511 88305
210287 14942
92415 79231
301688 66544
157712 54644
645014 69052
681327 72685
652352 81664
459188 41332
440359 85277
870627 35370
813715 6047
423912 89492
548986 51521
457232 43213
255626 3138
586612 74470
136436 20758
499682 47408
962898 28694
653795 38645
817530 52817
601955 32351
133173 39620
842090 61035
591515 28176
762156 74561
319293 93886
566365 1136
70651 30510
1714 85232
829815 45131
90268 32814
945295 98317
259184 13533
129673 77730
22073 85735
84481 82447
252257 1886
20913 82930
152950 31710
90502 37524
609943 1023
500621 33888
537527 89274
651922 76691
559820 10511
429740 50993
620932 8246
728764 88223
94609 15019
610468 27446
273357 61523
584274 15892
18407 13183
739294 85835
508066 88811
164561 41994
979832 90919
47080 44361
328933 20150
614320 91092
368053 90443
233029 5531
644866 42089
307074 34946
915767 809
605078 93405
91414 90779
450178 13740
272676 22419
206420 77657
441416 97805
962628 96006
231884 60477
3490 73970
791243 65155
973209 85091
33816 68251
516407 7856
922553 10887
399997 25263
844785 90063
105332 17145
148314 20118
632134 37016
437628 16181
186566 6860
66433 15665
314955 5423
19891 60853
438686 31113
818632 32264
747554 1441
884607 21040
237839 94748
975454 21980
384184 206
477972 95938
812816 37834
856743 71959
200623 83037
418305 14877
391047 25552
441762 91607
156405 36897
955712 21694
156781 30327
629258 32784
819352 19169
948409 48926
974138 41048
569738 94162
664948 63630
44458 45995
19508 89101
679245 96797
270914 32065
276688 51262
855230 54540
527851 64468
923491 4902
719972 44252
618165 24713
507144 64061
844304 13352
38091 47122
332932 12635
348600 74532
692175 28650
65354 54875
102702 25253
100899 63207
969610 4668
142514 59924
452865 92621
939204 58425
452842 9863
269381 46113
298187 47814
276255 72209
279879 77151
764005 63555
710323 54574
545795 54747
812156 3661
113709 88686
438374 91134
283632 68264
212647 37384
618355 48496
364744 99862
777030 94614
580915 64950
693739 53583
125374 85353
421627 23649
504323 38575
245754 64263
49013 41129
870988 5086
649778 48415
578383 10742
89047 68892
683106 67919
484245 45161
33819 6997
808630 80609
664580 77389
617454 19758
485570 6172
320379 69412
530180 41398
872030 1870
962974 92209
814918 64847
885189 36321
105412 17094
753521 95938
397047 98824
630350 86398
447345 80090
168799 38785
141416 29234
684806 12843
442227 91656
839780 86272
20126 41045
767986 4946
283064 54221
608406 19870
398590 9330
781324 94232
865178 59566
762282 33535
308229 66682
57910 71320
240077 68660
926287 7544
190951 68859
650947 81253
563348 14114
525493 92477
502202 73522
18936 26605
217302 72800
400595 1564
262526 39996
261643 56880
729884 7463
322657 29379
656227 30514
240260 35116
62703 53683
859923 18907
601556 54388
322219 95447
774148 32551
297179 47503
920560 31830
381779 53888
570779 14595
549100 29245
686535 29792
488523 28799
632500 51264
553871 57955
555659 88099
183697 78863
423766 11217
546954 10233
746403 83185
169430 63404
909 66447
321360 56290
365784 89958
142528 19876
605294 60870
854221 29609
733431 473
546106 83222
67389 38482
879339 8996
827767 35770
658547 89559
227039 73465
933056 65333
404192 5638
139236 94736
185917 3055
989292 51031
403139 95846
125688 72069
158843 81319
530631 76937
852753 69391
240228 92965
485772 50975
572979 6774
311381 61596
137955 37942
86086 50947
92775 37625
457885 56716
227057 42202
147704 39669
772052 2322
234766 72221
834486 9633
238290 89396
801169 81256
731722 65135
510954 72409
87022 54994
93955 10716
615227 92108
661094 91050
755320 74613
668671 44400
38687 92859
608496 33599
994473 42759
862866 11467
762626 35878
97397 7669
283007 52296
98899 30582
201154 70620
112208 36075
51267 34324
296889 60115
32803 24630
770075 73708
405380 38402
406426 43523
432723 70898
265362 10512
531202 85362
427459 8286
458194 15478
203086 2129
942204 123
607675 71628
820187 84058
157054 69264
7933 4562
699454 20254
61535 87942
736709 77618
408523 25826
386479 62438
181139 94458
730508 92574
750769 28321
609642 62072
169053 93046
831816 16834
600044 48237
188045 8131
499912 96829
176782 83111
435571 93000
476034 52966
280977 8555
738312 4547
588905 49155
885826 18695
511580 82781
453057 61829
638807 85979
399805 41870
53938 93787
907454 58409
354446 90487
891887 67929
888196 51948
154198 28948
442208 73377
942920 40697
209717 19010
719832 33471
344473 45672
285212 1667
655248 84787
82468 96575
463637 53003
321699 60707
344852 92937
139580 10776
451387 48870
522399 67252
108777 27395
195228 99662
107110 5221
624900 81700
638439 66882
885870 82904
845115 7648
102017 72188
210015 42324
802304 15678
844210 72838
551517 25889
108683 2015
427981 52116
598637 44259
53607 80866
312292 45011
530043 35720
823772 98408
274954 47506
751250 24689
767632 12028
856236 25767
776092 16847
94782 21121
905169 80114
823774 39762
206339 81620
37949 5941
771573 32901
216492 38699
317999 68830
865759 10238
941869 74629
471008 26078
94025 91317
742060 63595
342606 45604
460826 27209
257490 63949
263600 44781
154845 16056
119490 58890
280546 24260
520393 27148
528393 18737
310512 78855
878821 27382
778998 3437
223256 89894
194296 60482
851258 64162
710366 64415
542870 32474
163214 40024
684463 11633
112803 39343
320423 95212
790447 83400
912388 38955
642423 14959
357650 624
201030 21847
631980 61215
532030 21695
614618 90088
817118 15045
823961 71449
645158 29575
982399 52137
826269 34729
915107 32104
375678 8480
546001 75074
445718 99597
206357 47363
91414 7310
376179 18746
302582 99327
83648 30586
214449 53559
437262 30858
688210 35142
583910 97589
672136 74161
681610 77334
151674 69727
369913 98883
979927 20922
923046 5852
105586 19990
49063 6843
553646 9846
12490 14135
238161 3236
695796 44625
305152 26948
162114 64649
88563 92588
518275 21489
696423 37582
846021 55316
405260 5205
858046 85897
70180 57218
255716 31842
787840 66379
366932 17698
539258 30994
100536 52635
30289 32843
609502 75953
647644 75235
691982 43453
635740 75773
285034 21105
600932 39918
814319 65757
177999 62147
534340 52073
78914 52340
261427 42291
973500 42647
966751 6013
15208 13056
232741 87498
878480 72823
815498 70736
759875 43809
254869 16961
401637 75967
125767 16635
926359 25771
141186 76129
612522 4551
953250 54523
840842 75115
201460 96300
128280 46636
36408 56024
129539 75596
535234 32392
16029 36599
546864 91580
935813 90221
800934 19467
810410 85701
573313 24554
172922 46575
920831 13225
833955 79589
438843 57488
383135 33734
958701 53467
915267 15964
907489 60094
446655 78207
215341 53595
416969 29120
785436 44864
178874 68405
105680 67428
366945 3980
485797 75612
229787 46766
551809 84673
907039 78964
353262 31331
982305 19999
600018 43768
44994 40609
435724 90129
792676 46924
611511 60781
245771 41807
337809 78818
849636 2979
399400 67812
472907 81652
585725 88490
369343 93399
610581 89567
477925 44903
627109 92582
541078 86573
983407 15653
11677 6281
575757 88670
307327 27751
442656 61701
311911 69108
298147 60241
746930 20624
600298 10966
267361 56265
797051 89290
384268 21992
918734 11506
51024 40087
401190 86324
436214 24613
280770 12249
60260 70449
390475 28150
120096 31429
36841 21901
377004 56053
885780 69305
355251 86154
36241 40651
734212 86394
494650 12017
90769 28853
280165 50977
845509 49290
918967 13305
651807 52849
182162 77986
360467 79076
172850 3682
550490 77580
755118 69622
620185 71839
812616 33047
936666 35399
316474 94131
131420 5248
500888 45655
296822 55653
518218 70767
171301 68126
936200 63383
444242 98812
252499 85139
369717 63305
765514 45946
107577 87118
94398 39286
57686 3816
600249 51380
451211 77432
27825 85030
695379 463
155390 78225
287579 18454
36284 52187
297077 93570
970598 99960
559240 58716
332883 18375
868246 29710
440696 19410
468974 63834
422461 60290
255804 40714
187083 28721
983149 84786
139459 80275
235646 45934
448273 77568
870917 22216
699730 91686
87637 63343
178708 80575
10861 84864
962276 35816
747365 21663
266087 37814
465513 12663
849120 44936
391771 47626
891077 48826
202302 92958
783123 31770
940294 12957
417104 88726
976215 26570
568484 58772
744973 87048
579133 41708
282821 23936
216798 44803
146868 55185
887990 58278
397267 13692
457026 89160
999774 55041
328238 16228
773133 72360
754176 49082
701507 72609
188628 4000
620837 85653
994059 74111
350712 70800
149653 18823
798628 46264
754258 3046
915581 9622
118331 58729
455494 81292
511423 18054
166327 82814
523351 60131
741059 35934
285076 15303
8064 27307
557916 70303
946916 44541
618061 52523
242799 99499
443760 6305
530482 34092
940898 46306
16275 87501
864848 96690
737731 80987
537955 54691
114550 16002
900292 34625
940107 8673
217530 78774
415008 48322
368035 1320
723177 26262
52625 79189
798024 2425
110759 38768
534363 27652
970886 65393
761190 33813
113159 34736
718830 13415
733112 66288
916153 52777
847633 6625
185513 46872
746423 83980
347564 78658
134249 87780
771155 76955
991489 82546
632419 54693
302642 90433
60920 66267
524607 65242
498358 82763
674674 98499
432128 65339
845312 71077
591646 83551
698344 50456
922971 61355
48774 10351
832827 72973
666089 25336
602168 770
518312 79773
817968 74952
472857 33306
261097 53561
720805 1750
80664 20646
754565 67837
168659 51855
832450 13521
240178 68885
252728 83131
457857 49181
855264 81991
903492 86097
411411 20013
308698 26588
662846 30709
177693 93373
744537 19102
432742 61680
853637 34653
411270 42366
455174 6940
543844 99741
755569 70613
382871 91640
335905 51787
463956 14109
850820 79018
453696 41196
226967 18850
608400 54258
241480 50037
565980 79133
964688 83257
811205 2848
660239 70805
398321 70017
839210 98827
507505 10253
208899 51223
698955 92725
653447 12940
485334 83984
360584 58343
766037 96816
959890 73968
396902 24550
965382 4663
677283 45719
547977 71390
871920 51764
536802 25937
572680 81743
774958 15251
868142 91121
470488 29539
585159 38872
621000 55773
236100 86379
419403 48037
808959 86757
687292 11887
296811 54499
114722 54368
821788 9425
106003 62064
897407 40998
439939 54501
436846 51665
414027 85709
216153 7954
298173 72734
526298 89183
651306 11847
771499 75105
765815 67309
764752 2134
953905 40956
439256 75937
77299 19970
80570 10430
345083 29791
289706 95196
201255 65396
972894 72347
926523 83560
853583 91860
48605 13948
282228 40859
228209 8160
395706 23908
707055 3910
665420 7171
565001 9143
519544 28169
798403 69290
425177 41825
733308 21440
624781 15552
836387 24622
345386 73453
670993 56378
773701 18907
844000 6257
51371 35428
373976 90549
767814 93886
126270 75951
518292 15860
663300 4342
409954 78214
70774 37817
463177 64919
542503 84413
951386 35483
952193 74488
310469 90447
432110 3962
325837 49926
935005 96905
479739 33623
419648 38015
105217 77774
347269 42175
5201 90471
520844 83823
816969 7933
819150 51639
902451 55263
151176 88319
655010 23281
50981 32238
45163 61790
678319 27504
691720 8017
794057 47299
466036 6187
899098 86898
748860 54228
233140 50252
50279 24541
202043 22507
398753 68664
178142 19238
821277 49948
699011 93023
1873 88199
98114 57310
712773 98720
439839 39313
336239 15921
60351 20244
687274 69601
210168 434
942447 96199
421004 20285
822762 65189
226301 18351
515041 47495
162961 8012
274071 15873
239204 43694
561683 5180
307558 58671
276549 15189
666608 13038
