2000 79798734
48706 62385
21722 9169
45192 39799
63013 43057
91570 60884
114274 72899
105337 70966
30850 77213
115603 31900
79425 98911
109142 46867
52756 14884
100669 11614
85360 48550
40266 83457
43233 89520
55066 82520
29298 65027
34660 48353
36379 97470
90775 75513
40697 29248
17392 2251
50709 64236
33659 20862
114609 14335
42050 12947
7405 20500
116989 5810
110876 78227
13225 54456
45035 70309
71676 18268
122864 30713
10529 48582
117656 67168
63936 22788
23583 80915
57898 93979
97857 75691
78975 45661
2977 7864
70786 38577
100505 77252
32946 22951
7753 3299
83747 59405
58423 32540
68116 71747
116793 30069
62845 69677
21666 32064
103884 17667
20225 66100
115948 51361
123342 67331
114210 65113
87710 46834
3214 89825
66328 6715
4331 38229
13044 25166
68798 94036
6929 78240
35607 96124
11458 24791
44907 44189
24112 57772
7339 89678
27758 6796
93064 20670
17178 93372
45499 3889
50543 12028
93429 50287
61537 16995
34993 10096
90223 98226
63504 44738
51700 60548
20943 81061
110525 305
4595 95674
8438 86387
17815 66548
118138 80183
111324 42572
75943 16124
63789 76718
98789 4054
85503 28908
38074 69370
116072 64137
30554 50446
116670 23844
10433 16918
6883 72480
55979 99794
18198 67730
69177 93681
27554 55004
33564 95569
11385 71468
109819 43239
95382 62668
106121 59673
15087 80789
101566 38492
2568 25527
66460 55433
80975 36185
84075 83386
90701 60688
123078 23421
104948 56166
123806 56068
31308 30721
18988 76958
35368 72987
90187 95643
117723 4768
22630 19845
34108 45536
46351 78170
116241 81288
68822 21890
91718 20462
23865 46561
117605 8053
78213 79189
111135 38456
7924 82976
112439 48897
41379 38399
68324 82831
11335 24778
69310 12090
111131 66069
23215 2209
111928 3814
103711 89404
59919 56017
121069 81678
116219 44743
116256 92578
67889 34904
55535 9212
12696 99224
54666 9443
5907 88224
43010 22931
15736 48930
55930 5912
37096 6891
71756 36274
10960 10108
37515 19959
15015 34888
11067 41558
122761 6779
63291 2458
108535 17479
20420 39301
12891 50062
71962 26218
91665 10269
7769 27486
6365 40651
14680 76333
74795 35305
123358 94294
118968 19920
111457 31935
28954 82894
94437 98663
99080 177
104628 52164
41231 46312
33170 52616
113090 51194
84137 93856
50546 81794
27654 73600
23495 87452
56382 54884
29092 34400
2919 9021
114111 41246
116809 69435
75530 97365
99945 89290
116308 847
15434 55133
56264 83752
49224 49497
55329 66542
41080 56062
117006 29004
89975 47987
57891 10617
20994 11107
121451 19218
121179 81386
43855 51024
4797 96712
111679 30885
95760 37618
124199 36717
70695 51416
79529 8034
47463 33353
113256 55328
22257 25312
15844 47197
3667 46781
85143 31518
62667 30435
60046 17241
17214 56169
77750 50749
6647 51600
120159 46707
65962 82722
24752 25898
73468 15397
19725 51888
122085 51610
30531 72738
117773 96333
76665 43500
123364 31545
53302 97504
65214 84060
20167 20132
34060 21453
53838 62292
115630 96586
16794 80293
8501 24038
73238 44027
40276 45490
82926 91443
119162 31326
88497 52215
57900 98291
10106 80736
52317 39736
76101 14786
123238 34167
31908 9019
74074 68505
38920 76802
30125 4946
43678 38303
21166 67240
109586 82803
54144 49643
23693 75761
95310 48008
24338 83027
45473 60711
19545 68227
43746 22703
80628 28755
3566 23977
61782 49348
34099 58613
75647 67947
45414 64326
3018 64363
60761 94367
4135 97446
118501 63147
79406 30012
77372 65428
93908 62183
30340 58699
120801 55016
81735 86644
101396 87825
65349 74797
42896 41720
67010 56543
111456 51361
70216 28590
30905 1330
200 58215
58245 24959
100671 54393
74972 58871
73189 92039
36630 19822
66704 17377
50375 86635
113903 90296
12251 31153
95858 19388
78260 99298
105990 57213
48452 80003
64068 60349
91387 72244
112795 37897
104515 1910
115737 84901
107559 81934
120553 65196
42301 59409
53191 91182
9976 70756
104125 66802
33131 28879
117637 85279
57280 1928
39359 1641
93162 9259
13016 54649
115354 96231
9474 44715
96660 86958
3850 44277
54885 88292
81229 41431
103273 10343
44663 2384
23828 98850
110964 62823
6598 53800
80016 40546
103913 63967
100185 34162
40378 35602
55501 5397
104116 71458
119766 34197
18766 67994
64842 21412
22407 36188
21997 49341
74449 2330
33887 25689
79234 30127
8652 29965
96620 58729
70707 73866
87117 81276
32086 42688
114449 29029
95367 59630
86958 47805
93639 50710
115129 20800
59126 99504
46227 62812
27234 89762
115324 94529
53829 77346
15437 205
79092 57990
5219 37119
81606 10146
8685 98863
34566 18830
100629 72715
32020 9187
75772 51894
19968 52478
91804 88626
97952 92759
119617 47589
91975 21490
115911 28339
57789 24474
9627 20954
12358 44489
26083 34669
20485 40175
98495 5266
61076 37100
102746 29102
56835 13269
34909 44513
21719 17176
5274 6905
95655 2030
82492 63671
21336 30877
33716 39939
116100 24885
14089 60332
94091 41692
51705 1792
111741 14372
61153 69204
89443 8169
66608 90259
102869 20505
43912 9023
110825 66951
86787 27117
45077 94825
75999 96911
79402 84248
73197 55371
43183 87304
120988 66015
107743 12756
18228 50751
53835 12108
69640 65594
28247 2020
95789 94997
82628 6969
12141 65908
112719 55829
42800 74677
79335 29632
38835 81960
67580 70970
42672 2887
50156 83746
73882 70760
67910 69162
116806 521
59569 74453
30142 80802
4907 33014
97577 77339
448 41840
53572 22907
91671 4929
47790 24125
112616 48753
122242 28306
119567 39172
57476 66088
40260 34865
49302 68046
24138 13474
43588 4054
32838 59385
28953 76588
94171 67694
77426 54953
20795 65347
13440 88004
16855 44585
41022 35787
30249 95816
22898 344
62064 61417
19614 47338
97117 17461
95352 24744
47329 17455
50951 86357
65951 49927
119535 36040
108851 97903
104135 38776
59635 90006
9912 94054
123446 56239
113709 8201
104198 65887
22746 2444
120874 27696
13012 14888
56526 14339
93093 95664
105775 89615
58649 5484
23072 9665
28355 65318
82705 95221
35289 62936
49582 8143
80366 875
104414 47489
5976 51607
242 25668
107415 6820
13950 99418
77553 53948
13865 98943
31637 98423
67432 77368
66007 71256
80360 95680
94941 37996
65536 54393
38299 50851
29496 88430
11267 69757
5656 56852
99245 94284
118927 76116
123787 73188
74246 96631
56418 11061
8225 71070
47152 15098
46742 17242
79954 32007
83950 92263
36932 98526
2435 79902
54965 64838
115655 1365
118378 64425
120970 73761
114097 99533
116328 1605
7030 36510
83634 53060
106327 78039
68409 1785
44164 83982
120630 34914
109557 51600
29288 20303
67981 21745
104766 57877
73810 13213
17373 11702
69545 84342
47382 85421
26734 29753
1614 8073
9968 56772
82839 21215
109115 16806
70237 37618
43301 17480
85151 30809
67970 26533
50768 71423
97401 3679
77015 95735
69420 74563
110449 13678
37945 51072
108996 27397
72191 11595
4428 68071
56906 51969
113985 99383
36099 14903
39021 62558
76172 88503
20131 24768
111484 92574
27876 34592
5726 39000
99614 29618
114336 75679
47891 41507
111849 84693
35948 91666
54447 89470
70254 52869
9007 44548
50923 66183
72277 84468
38846 61576
123025 28292
6595 18917
19277 79567
105062 1090
53383 3922
12635 52035
18342 62400
122031 97038
14292 68897
17033 24174
97847 10355
51911 86200
28084 92593
86923 57125
90109 24348
71265 51000
119927 12948
115385 83970
6668 89391
80873 27776
17000 44567
40838 72962
74998 60945
18242 7279
106031 87168
31454 59067
94954 21183
71256 52171
51594 57840
2881 50178
56407 4658
56938 64187
68213 87116
111539 15625
66479 57168
45880 74073
37934 244
84507 1623
97223 76433
8863 67812
86996 36939
83243 36834
24570 66320
818 28146
50622 53171
76275 41776
83297 68519
10033 54990
112541 88609
58480 35632
86534 89968
116340 79347
18858 61413
22952 33582
83664 52455
84640 24030
58097 5683
123102 28839
76043 67559
5123 69294
64473 95151
106674 87692
40067 21191
23131 58451
110925 14862
71989 20712
35373 95683
61603 40547
67216 7777
18410 84233
10076 91277
24767 68716
86232 63136
55515 8977
86516 40559
114982 44272
46751 2558
122799 2334
104061 8472
122035 60705
124155 89836
112683 8144
114586 14645
83 56862
76301 50925
57553 43180
11018 22625
64932 52999
75586 70236
14891 6577
40950 87865
85316 4617
48507 59679
55709 41113
7700 58700
1545 76206
49842 25991
17169 6386
96510 39173
86602 5704
64534 89493
49857 7458
2968 52715
59162 86121
74128 67776
83616 855
12214 46337
21008 35787
11217 61320
110450 10357
77956 10882
32623 63607
25156 82822
80811 34806
97634 45636
38366 44929
3723 98493
40481 97087
101263 80123
91326 89650
15520 73732
37193 45590
68662 62534
63465 74885
113071 86638
102381 21797
21062 28850
44896 39783
60576 48288
116233 55238
81108 84579
18553 97530
10729 38129
73880 52182
64556 73468
4003 89904
38474 40446
121021 22908
46782 60537
57775 86791
88655 33408
54469 13175
113809 64553
32913 66438
112488 55727
74549 55037
77895 86326
98677 70528
36318 71182
17050 9206
38700 82657
915 96160
105966 4238
90261 51528
72114 63290
117669 97131
74620 7301
14940 64319
18462 52488
124081 79369
11098 56629
82234 5452
8880 60543
101249 11776
82999 66695
21913 19578
86013 21229
46461 8029
78296 21401
35004 19112
23484 43442
84745 94282
50353 6040
106438 29504
8595 87339
47651 50717
118700 85629
13011 55843
40813 22175
43204 77612
91629 74318
95980 99331
82420 57737
1504 73410
19527 5054
19568 8025
103897 72979
111367 11827
38125 32553
84014 67646
2217 66901
65255 56049
70756 14762
55519 86106
75560 43641
100352 76954
107904 39168
2606 57111
44391 12939
35258 27399
123262 60143
122209 78859
72991 89918
2949 91385
30453 46671
99519 65145
104316 36309
48928 1968
121306 58945
112468 16079
111944 84964
46792 25119
27160 63541
82993 66487
46451 63289
18866 33886
73406 14175
37909 3787
69236 33801
105212 6173
17470 42956
37689 24735
29278 61624
49480 2866
27383 25503
17477 29655
98506 47451
27707 61424
67579 83667
73075 18396
107751 97464
70120 14779
34983 6274
113216 47889
68165 50241
68279 31444
78122 45848
33252 74840
91489 6674
78894 16025
104069 85356
18850 99329
105773 74922
35279 60305
99675 91279
40871 80071
29478 8979
121134 67969
3865 68545
86403 18009
66708 23048
21165 81714
114058 261
22677 14421
62168 69363
5847 77098
85374 17240
52293 9909
50196 27877
24389 19603
61420 50919
50020 99068
110756 96136
122577 54479
108390 46584
87311 83984
109711 80647
51126 17487
60337 97789
28634 30515
95301 79853
105675 81882
99070 95141
31156 85164
121494 62385
119912 91876
70103 17311
76463 10294
25713 99444
85031 80193
116382 28781
90327 6153
81705 14250
46872 11877
67112 33297
58390 85469
224 60919
82587 5309
89251 42881
119855 66019
23466 58276
49386 24617
103695 96036
9386 49115
31625 38772
106524 52926
47736 32652
32138 15412
88907 13203
53642 41252
4151 21730
72582 75923
80556 86992
119219 49480
35638 7849
89655 64907
11985 90439
11718 45656
80857 10796
113554 17907
102878 76302
157 78069
108160 40231
54475 71747
113446 26257
93527 91929
111065 32816
79874 28219
112266 47826
30885 34119
8808 41953
104266 9025
97546 86821
102655 14266
3421 78694
71300 13674
92810 93438
29177 2374
94735 22496
89404 52671
3383 4421
74269 18797
26774 88053
91851 62601
82721 28298
108010 11611
109876 82171
105775 78239
61972 31657
73478 80804
80170 91678
51216 29332
101771 60593
94290 20565
26599 66023
22336 46860
93630 87260
494 50324
12523 95191
47805 92176
62597 11104
599 8276
96948 77852
68083 4891
115497 56785
78521 55085
66485 57177
40886 64506
33209 27820
86277 64589
61354 74830
23954 14395
81403 97176
27455 41287
118184 11247
62462 52972
80176 45080
109694 13033
34077 21155
61359 48925
79895 82433
74527 36620
69450 75824
20251 71928
67224 12437
32146 64057
101031 88567
9930 41130
66179 84569
46128 25736
115119 72386
1023 65495
40828 42108
26912 48697
112764 22683
44091 69617
86327 76236
53325 15737
116817 32941
60171 71739
37426 30835
29991 24277
13650 96008
22436 37891
14575 50337
4307 38064
6748 55120
88786 13717
63604 90129
60979 65943
17564 66569
117670 72223
91363 28498
97709 39236
9931 59918
70281 4013
72898 13669
27946 87248
27229 37075
37423 41871
113608 87248
85648 42957
18910 59012
122098 17489
80573 87503
18374 15924
99827 4868
85500 4096
98634 38759
69702 89277
95567 76955
58161 44279
87811 46550
59737 42052
72299 90505
77388 49208
120002 99090
35263 75505
25310 94701
20833 3975
66140 12434
49243 40978
71148 50167
97198 40019
12094 49370
101881 92183
82560 75784
9340 76726
30905 8797
59565 27565
34656 25462
96001 83003
92045 63541
32166 22538
66780 84846
17646 85487
16618 80151
72247 9799
110946 32656
121437 79586
88822 33243
68145 44380
61765 49225
54613 21251
66599 19680
51763 93397
58258 19861
112701 9263
86570 44031
105685 90411
109228 93345
8392 74957
39985 12726
62687 47782
4722 57845
8892 1869
61457 12601
106718 37241
98464 83524
99569 18067
11340 8511
64873 32594
94873 39028
40382 6425
13444 95362
87192 3851
17615 4335
2411 86851
1851 96107
76662 82079
74501 16585
14308 18464
32825 8718
94414 75542
37281 58894
57059 87332
10451 1786
10973 74683
100621 76384
87230 31482
114159 87773
38496 57481
83563 29349
19588 99264
2168 17963
59354 53898
44028 5073
83449 43826
66231 54245
100613 1518
81131 60619
48082 25534
37136 93644
78426 64945
118190 45587
38661 80079
13873 21782
86431 40964
92820 83228
21613 1126
41185 62218
36958 71101
68046 9981
106788 55233
64626 90517
17610 58940
74293 32661
109097 65987
33896 56455
21084 31996
43497 95883
71438 38662
48555 20500
12434 90987
58508 84415
117213 50738
86946 91681
116590 81349
119585 27836
58709 61183
106436 89415
85894 57717
85816 96840
44228 64723
101723 23082
50265 23723
51801 44105
123109 5714
20624 7935
65571 28855
60253 79947
70590 36495
31686 86868
24556 10795
101549 60685
23797 38818
70145 38833
112212 54425
47984 47919
83507 37578
112838 56665
95565 8626
54127 94783
83690 3904
40140 75955
58363 38305
119767 88872
112143 6540
65679 29124
78919 27027
4405 10244
51983 44163
10650 70589
31890 34737
28522 25892
66123 84280
34963 45680
87596 35351
6720 72599
100522 7715
27092 28008
51288 95656
9323 45740
32471 79552
69706 84987
11272 83483
79797 69585
6681 94682
108109 564
99296 16352
91834 81926
5864 50439
2487 1763
66125 65835
73529 3568
78130 36155
26005 36681
56848 2734
77550 81837
89204 81108
95290 13191
5154 20327
99493 17667
85582 98483
102385 11941
97866 65654
60525 52647
74488 24596
52741 47305
16761 82178
57673 1168
48980 11555
123389 62864
84238 9464
18401 76703
2221 6359
48306 84862
54038 25971
110004 84819
17155 86039
24465 1340
80996 55293
40729 85530
75918 81565
50669 97411
82168 82448
12079 67776
114492 41811
13433 80429
98877 10472
41548 74801
15053 73134
104718 32974
48239 9016
3355 11501
40510 73868
68771 85958
71614 61326
122207 90425
65321 2997
100739 38210
110732 46987
119298 60586
2462 69521
37495 17193
101958 51523
90037 26006
85077 16492
115803 78871
31739 5940
86353 33717
107274 84802
64348 39742
105226 89386
95092 73463
56147 23926
53496 21641
94377 92650
18632 235
68616 26211
44777 16858
14900 78391
110111 8163
279 46320
107993 23054
114410 24676
39781 45467
58553 50656
81996 25889
48664 15586
56494 26585
38484 63939
32149 15048
72524 66994
56817 41258
47231 36280
60072 91645
77756 76863
123748 74731
85389 1352
64149 29753
91417 958
89941 99915
94780 65871
5402 19989
53443 17201
95811 73573
88171 63622
88371 44148
48890 8216
31269 42657
82323 70523
68357 45355
84820 64913
106634 80929
5225 43021
36227 4310
8825 5894
90117 84422
25406 85149
24703 38657
47968 39595
58027 38357
116832 78575
15716 44191
7516 14662
8842 81750
27240 86081
768 71329
83664 11940
73562 17823
38249 11181
72626 80262
2991 72388
31812 48309
98777 30360
112208 44549
107146 3608
40574 94096
103971 72010
89181 41347
42247 23919
82939 25723
529 49511
111222 77094
57794 25667
101590 35572
87795 33590
115125 5903
106431 76081
18948 81258
113067 80624
3886 19830
61064 18119
38206 22874
23617 13994
65472 92011
41191 19281
27980 56759
100101 23008
104692 13795
105994 43186
85682 12955
84719 79716
82245 13832
82839 56501
121818 53035
31346 59980
42648 98103
65005 87152
52247 44428
7022 81074
112284 10487
99936 25517
68446 15222
7788 81177
122297 96117
25856 62651
3547 41349
3301 35356
24273 18622
32242 9794
69989 47772
34500 63808
23097 30304
45985 93286
121723 99681
104451 75894
80687 19446
63054 70075
104223 41245
87745 34524
27818 91550
16990 2165
8821 56593
73331 96151
95466 98708
79733 40357
62566 43335
102027 83396
15302 27422
27072 55069
26315 82389
114840 28866
45767 89069
24307 83702
69395 40546
88455 25706
98975 29626
58357 68475
39128 73849
51697 60381
33214 39863
94900 32042
54130 31167
55560 38714
57865 61885
84272 1038
103908 62477
118890 33751
32149 74356
41746 33720
83037 5593
58272 15194
84893 98895
71276 23644
64729 31661
95123 89788
112261 74632
80440 12341
74185 27164
63912 63116
68708 61002
206 18495
84758 98785
5693 8343
46574 8314
77984 86936
114742 75214
27006 26815
121994 44081
106233 60083
36762 8544
10311 37315
48658 96404
6996 59204
103936 31140
21802 42116
2002 85590
105888 29878
106730 20974
57472 73301
37841 62254
70692 19358
62333 38222
121358 32763
48175 87333
114795 8093
34734 88343
115133 70062
67087 36735
76220 34600
113796 65485
112384 34393
111229 96339
71075 47530
78044 72766
32899 82999
7208 86952
107811 67026
70844 27896
40535 10847
86983 78173
67599 85934
33734 12777
93541 8379
61787 2125
45929 28805
27897 22370
26000 73565
27846 41742
43593 61591
66071 30900
100305 7883
6349 3357
65094 5212
7967 30731
56198 86552
109615 45836
85715 27789
123944 79902
29672 87576
23731 13509
111299 37710
37096 94929
53974 52105
38346 68283
2666 42897
58548 35466
102200 40695
38861 48307
94804 3669
53125 76729
109168 82070
2981 66584
24974 1747
122295 61979
106498 68325
103079 85759
46840 65650
69195 28439
17834 85544
27923 56792
21170 38444
108443 89230
37887 88958
61814 99852
18284 6458
71550 68624
99369 97686
86146 81389
99997 50721
98218 66334
86188 57029
58053 96158
53580 98165
49918 19908
77171 87431
52778 23191
15372 3508
75872 4017
109557 7151
67185 4687
37916 22133
84416 83666
95868 31613
22691 21786
33177 35272
44351 21452
73064 24463
45682 13385
46832 73997
62016 34193
68793 8225
5802 80347
95211 29567
49635 74304
29736 15222
13346 87499
15499 54740
109064 21955
120788 47378
2295 3229
118896 24925
9153 88368
85716 96659
77046 81320
121313 65148
58837 22687
21907 78152
21927 78079
24656 33479
11495 71853
51058 52088
39977 71097
29138 629
24369 65108
109011 52864
16090 70392
76796 17818
106953 86535
88302 46793
95897 75070
28871 72393
32705 96487
262 76551
53898 22777
36982 32730
3639 91693
41187 5014
105037 62898
41067 27565
82462 18059
102966 4213
42551 6824
75139 61349
72219 58318
112929 5717
7772 86954
39712 43830
48401 97393
45242 29636
51693 96827
65997 12410
74483 65255
86960 33945
122599 80679
98908 2956
5806 15500
57381 49664
98874 89694
85717 5855
2337 93126
38727 1319
22362 1695
16088 85692
75086 57836
23085 8526
42614 15184
92375 44164
120090 39305
73223 12633
112257 1685
27556 61323
46056 15399
123596 76678
58151 90114
905 62468
25405 61633
39636 83832
109621 70190
40813 18409
121227 91246
22375 79487
50250 45347
115920 95293
72078 23305
73642 50139
72708 89310
121021 19551
113696 52708
41956 48982
29967 4054
36116 52570
8199 67816
11093 6737
57559 35602
37324 19730
81550 56578
106267 15053
123510 72684
111816 34747
101137 12509
108171 70845
31769 37095
60241 78870
82040 76156
81041 75346
27440 37672
98438 72763
81406 39953
23098 95587
48368 79313
50668 42229
100839 76255
72498 40000
59323 67212
38404 53692
4579 3123
123182 88584
116783 10672
25585 56427
38351 72970
76704 67460
111589 67555
97149 15630
38616 24298
105359 25059
119978 69061
33953 29580
85704 87920
95834 2209
29408 74439
24556 7615
40293 47595
77001 28318
91074 73894
119936 50964
7418 40852
103954 63441
21688 11978
46400 66408
11554 56683
104231 33086
20047 2578
46950 35301
44225 26515
47448 7713
11121 28361
7500 81000
76437 4501
14874 95262
118334 52519
93 94118
16800 41375
93599 69178
80007 52862
28969 84136
106029 7708
120275 25976
34571 83792
59809 14009
50147 24920
98961 51144
91204 63562
20073 42839
104273 84374
89443 17410
2608 26082
112535 54985
78913 2083
109202 37648
39912 817
36612 83678
95883 18832
79225 32942
123466 6754
27739 30385
39582 11304
107797 59475
20811 82948
75638 57450
92562 67557
31633 49545
83494 78084
123680 44508
10535 5951
51895 60354
15506 48143
104250 39964
75175 87244
23854 88980
118736 56434
83152 65673
35379 13632
84567 41822
78885 25930
100199 64795
78076 49654
29630 44673
92826 62537
38392 93276
5391 37524
123197 49227
36683 35590
25573 53766
80188 95928
62468 50378
102199 56077
110982 16425
88175 79908
23875 94574
100015 25825
3033 1902
84604 90215
6313 79849
10839 158
38475 14420
2507 97603
39920 24762
93713 48662
62210 56331
21940 72959
31800 11830
75227 80615
100094 91881
13691 45391
83245 34959
110365 7308
28235 1
92236 45650
68489 46442
116512 99809
72224 97259
109433 82989
44845 35054
32496 27019
81559 47878
16335 9554
81805 12210
106277 41754
44532 59994
38903 41489
33994 33359
7781 30820
55180 94051
86460 72053
31094 73891
76412 55810
43963 63967
2147 96599
34448 35767
107370 59023
27461 54046
33837 70988
88267 44116
959 56378
13654 62578
40059 57888
23375 39835
27471 92965
39745 34381
84164 46287
66442 43843
75588 82003
124228 39398
32995 89618
93680 72982
84246 26095
12163 7040
30940 72673
4208 42983
50127 76681
23231 57016
78043 63960
95349 87635
113432 98658
58404 29314
97657 50704
109715 73094
14034 27555
88970 54170
123394 36903
55266 61882
113002 48364
29423 84885
90784 7184
54704 39410
110992 65817
113052 57515
48675 541
7925 26954
10897 45897
42550 53830
9268 55717
28417 3510
14249 14423
51684 74092
12809 76017
96253 38401
68001 45817
96801 64510
96042 55287
115691 23032
116793 64713
93432 47031
6180 69128
55358 26598
3447 14815
2140 76425
111108 21745
51950 40733
14052 68344
67685 62413
124069 74859
5517 91001
41666 91633
89790 14793
118354 82601
81671 84296
55992 61288
83689 83851
12590 41778
54116 79434
108526 59646
12216 2190
6871 9974
107691 25326
30854 23972
72479 79730
84123 72132
64060 7463
7049 49635
92987 21269
61912 34875
58574 57718
3991 16772
25908 64080
11138 24276
72082 33688
1125 26883
109130 20740
81703 96358
63177 48225
100762 33932
112792 92081
113098 65142
75640 13993
39309 35856
97362 86515
29864 56926
83569 12480
28951 14091
34737 41902
3626 43091
96539 16968
83370 93012
98374 11421
85848 71456
19077 84647
111200 13455
43247 27580
74319 8893
17134 29823
26550 34603
66945 80338
75902 86396
18030 6393
113368 95396
61875 87949
101295 55979
12241 18484
47170 85984
105386 5273
76991 73697
47245 81303
82105 55345
97848 9325
85044 50577
43598 48150
72517 66578
101434 95712
116131 54912
98296 48213
54023 38687
117081 58756
55494 38773
23491 7533
31895 27491
44587 49274
15023 22270
81775 32713
110617 25962
66587 60466
82661 48872
82593 88731
51332 86423
22831 68243
21137 48443
52947 46283
42101 5838
75979 44435
3592 86503
21921 14048
61482 26734
24976 36720
86745 84377
35980 91732
49508 69375
95782 78634
5684 57867
72662 75377
121732 9173
56718 99658
24209 70113
3411 31325
106783 97951
88427 23799
18710 14159
91014 51216
33752 28458
36013 93972
54625 82368
3584 5830
42343 22905
49398 7434
57780 45239
31868 71804
93470 14090
68300 30685
106222 91252
74611 20906
36936 76431
119565 48576
20714 67288
123568 88054
15269 65198
682 77870
25091 75874
51045 51532
47400 86587
107401 64542
43900 59280
18117 41965
33959 67390
24912 38075
23171 95113
19795 7664
55557 72589
114553 57122
67342 32246
12273 83179
42685 1997
24206 417
11650 87445
106122 68703
23911 66391
28838 70658
122708 11329
84040 78696
65467 36599
50879 63602
65890 2650
8682 56743
59793 43622
102426 38653
15929 18380
26400 63116
5685 94974
36142 85593
83375 83991
115916 14272
70899 82684
123349 45823
39451 56143
2138 79857
104067 32090
43454 14752
84978 49090
22193 40087
120242 3362
77543 50619
113239 26801
104668 93753
37563 87963
74974 51911
108490 90224
42580 12803
90056 54855
71118 37464
75452 41390
1012 57730
95690 19290
77179 57895
64949 26079
120519 34164
13172 97311
49977 22651
8120 16125
57650 6312
109759 41625
41110 85440
1402 64724
120604 17963
58354 3081
43848 65905
98308 52344
122341 35206
32973 73302
19717 52981
65930 14719
88894 43466
57739 70082
92054 28961
118261 11790
41610 19737
94227 33265
107461 883
122580 77262
68616 35274
115133 76654
116578 38895
42823 19149
64508 69696
36866 56568
