2000 98344534
57920 30483
191567 78314
202731 81174
141333 29653
281836 30900
73631 64621
544929 60434
549575 91035
309851 1324
83360 35568
215496 91413
80274 74976
396141 50383
154532 67842
146605 906
235620 440
18589 24246
101589 42169
234583 71144
387350 88809
245786 54655
117495 25949
553131 19722
106670 56280
95848 87385
466106 30627
539522 12156
493991 78640
414531 58973
447742 58293
238921 93490
391265 76513
308528 65417
7801 27106
463995 64057
169893 37324
474192 62471
89345 46107
470352 14629
484281 9394
475466 77434
268315 49408
338934 76714
238916 36282
417473 97622
360863 62706
325606 8792
436013 78810
553269 77971
310105 53612
464161 43293
281608 50427
206136 31748
49481 70752
218165 46358
141055 55654
312584 42584
182749 562
295928 16762
343240 32154
292808 26696
536329 12749
451225 9111
485463 7523
255449 53867
184783 59751
91728 85859
410269 90437
75196 34769
159286 18416
226461 37640
248189 89238
104924 38296
344808 19440
458646 46817
104363 38406
49417 5959
207614 8126
236354 77500
94853 4137
182587 75969
340849 22532
358344 82888
171956 3427
312029 65410
40309 36409
102757 93319
358973 45933
227727 62578
425120 25441
314593 99071
105643 36800
43486 65108
38748 8417
159164 35359
552844 59789
96019 43913
376751 67814
427895 7278
114307 29416
301472 7169
142672 38893
322654 87413
190980 16069
464001 33619
537583 66028
322479 71490
424505 92454
474388 16780
69895 94764
207617 23950
406284 201
530968 95338
502867 10913
233396 98749
334220 54663
189475 96550
332809 50886
379198 34553
374288 25419
506043 10405
134006 7212
81416 78407
477124 53656
206847 20024
78491 97676
327195 55510
467965 77447
274172 66783
250510 55471
277572 20778
333325 12867
99046 65454
288452 96057
339043 77445
506969 51787
163539 50637
420647 16707
268072 96503
470554 61335
432399 94488
454282 32422
89647 87247
53272 30697
33013 45231
270060 84996
339068 17194
2552 95933
287448 29355
81031 68691
130587 75046
373925 64723
349013 89681
531319 5503
85815 69698
451888 96809
202733 81443
200231 79140
474650 43585
430560 36085
438903 69835
155453 95143
198281 72201
171563 53011
545954 73113
30944 19181
95305 7900
404442 55786
314419 53056
255640 22574
290372 81543
266195 8732
393392 34971
369259 41200
292847 70254
275207 6022
528472 49566
144525 86721
342180 3050
14626 74103
168953 35559
83582 7290
495906 61128
279190 27424
416179 79661
131958 46995
386223 16690
388759 37966
544820 66813
465639 77265
184480 63223
24967 87895
414131 39125
130853 27545
444767 15103
505033 53216
478059 37444
123209 40344
59099 81362
422262 6471
181275 23653
213101 52814
227533 90001
520068 1773
251241 62508
462363 17160
181483 96957
354946 51264
107864 16289
263256 18767
54661 12783
384865 8619
101962 81306
152063 93526
275859 94151
292270 94880
64708 85867
411038 40111
206007 3229
451220 94309
504562 19755
128030 35309
396786 18195
452123 25560
359276 16315
441146 48271
455138 35776
200515 50213
337860 78826
452843 36875
220173 51327
228753 45095
425493 38193
88391 98975
278622 12837
30335 83278
348833 92263
130727 67750
461435 22984
359603 75971
299344 5103
217644 41010
368727 806
118813 63712
354585 60835
483577 64472
538768 59910
135231 40236
5752 3622
391518 82466
305452 30300
441453 79663
11255 18073
387278 3835
403280 52011
70798 91441
332008 37554
302240 23193
361957 65178
68420 63631
424532 79997
488590 65232
331438 69696
284215 1546
489213 19679
14514 34932
345520 3878
456098 9493
525615 24726
103853 36823
395577 93833
447786 57555
216444 44810
31137 7464
346503 24088
369654 94730
462148 3782
186874 68955
134350 86455
260201 2748
289133 26238
24810 19738
434443 49603
546604 95690
421172 18400
493614 22429
330637 97156
64026 8426
110668 37568
291514 52640
452859 57318
206469 29167
189626 22216
324241 41970
520206 15734
506133 46712
347346 68256
509550 14090
511727 50024
95128 97370
263675 70211
256803 23725
200072 43577
223364 29180
255628 89433
253673 73258
401263 22255
44991 33276
446545 62706
130598 68195
511939 86958
525917 61448
50995 72285
542083 14627
380692 3022
208917 42888
35229 91390
486173 51274
513053 27517
119405 52956
391937 65309
16094 65609
156570 48603
531672 40575
399013 94286
533577 64420
256207 97189
20358 14906
234459 29555
183498 69871
174842 38783
466553 23335
162577 96313
175060 25659
431971 97230
201970 53035
159973 31563
159661 75309
470877 30152
534733 70423
82441 55004
34287 10364
361051 23614
345364 67077
177290 9098
525520 27675
547929 27837
385958 98298
404628 24943
4989 11009
132815 91871
183660 71052
80530 12004
58560 65718
344691 68900
324179 11260
134133 92383
265135 91584
84118 3970
301134 56621
255046 73359
457628 86071
136968 71215
281222 18027
200228 26544
514993 10394
505233 57304
223084 40734
167436 25132
91889 67241
284252 3785
500112 12831
334932 2921
244493 39127
359666 54385
144122 32524
344362 53578
465827 70774
491679 91072
474462 73743
16141 15727
371300 55793
159020 30102
324737 35376
73411 50303
116767 1680
543029 78482
36635 23582
453340 19895
537648 66516
511533 82890
121671 1532
389110 32410
257361 17677
344367 4052
62084 48503
459939 7992
197552 48111
318122 79420
65347 93730
152088 87579
139417 48625
530493 73650
249007 51565
420834 62117
242338 80191
44035 57227
177723 87865
484705 28050
515298 28174
315562 10159
531108 61514
175172 89929
281003 53273
230992 60516
403890 50875
50825 76807
446373 54231
105027 55916
61227 65630
189615 53639
45034 57748
212791 11300
311560 43293
345711 11740
395998 4986
335233 96725
385089 14647
452297 44566
278170 10387
245619 95663
109660 33251
359900 70286
293293 14234
194913 37079
153537 82153
230648 83128
2863 55403
309686 94045
23435 82700
276852 52607
193941 86036
314428 27264
339988 91738
264078 57498
246147 78965
311824 76159
278505 22111
6001 86983
470180 69688
410169 65091
326916 53263
173303 64402
519316 16995
106114 44001
112965 57550
440998 39412
526344 522
326703 11596
286588 34961
43842 40879
19548 36522
355837 5959
219554 78805
216339 20574
507728 32666
267422 89533
243325 4915
47323 54576
426807 78892
308992 59443
160852 14899
445135 9100
279060 803
456676 14100
320667 57213
350502 66372
277413 28634
197363 7946
288044 2414
443053 26425
308654 10415
410993 61285
244938 45593
22294 28013
201937 87288
528665 180
545183 54656
442131 96327
480280 11440
359201 89480
509584 16575
54801 23001
7856 25572
246695 53207
62760 39262
213658 30622
253743 97703
333548 27977
125535 90908
86892 15751
334506 82089
165940 41188
287193 67687
396701 89109
68915 49552
267458 62908
269810 11764
375437 71706
406648 91153
284550 27619
189165 628
143886 29762
254268 4498
203991 56537
158892 29217
58780 4646
304611 58999
421574 3981
29785 7946
66138 37243
137803 33704
265460 37003
185597 93216
249162 85907
185891 68894
543565 4128
273940 25862
208424 27852
544783 27021
527824 67697
93078 18379
505194 25363
226465 57329
217229 71555
540511 10470
291889 88408
63499 92722
179111 30720
528867 29922
319980 21653
485228 78018
295797 36810
368782 7751
510450 7391
288053 24465
254549 5743
80114 56382
106552 11699
445378 70060
221722 59263
100208 34705
538817 15932
319174 56258
522291 76198
513126 67118
540303 28952
546899 82098
538686 48069
195303 87596
72597 90662
338719 45455
118015 80626
547721 5408
347638 56861
487172 68905
167283 5290
359116 14841
218078 52954
121117 1807
414393 95498
402792 39260
335433 7131
314107 71053
262146 46011
193003 21196
144720 37465
300977 40793
441105 90972
454267 96471
223476 39978
38234 83781
406527 62540
354517 53792
86922 91920
506914 53031
207479 35401
406818 68195
517135 94605
407080 99183
527756 86679
335066 22150
59803 96446
408871 35511
157560 91725
519920 59289
242198 92109
163659 34964
118027 35711
160574 90409
427844 58729
450746 19107
33524 32427
455647 80018
366498 69378
452368 20530
217216 63115
167647 89943
54576 28170
478096 538
449253 92988
143985 16807
174990 15490
149827 59192
99338 30984
78616 69157
515004 12578
331099 28617
273590 77197
408619 77645
549121 16514
395399 10340
103581 56910
267720 18223
518687 35815
320803 9728
258000 8096
116549 95103
452231 52785
433674 19970
29915 77985
133658 55745
499192 97517
455647 12560
390104 56004
7648 82640
327957 21040
507308 73421
380580 73686
196004 23571
110870 83480
219480 64054
345642 63998
111039 42175
524793 82384
238387 5894
545483 2927
334702 52368
469372 61733
171253 29038
206011 13747
118955 20637
105999 7203
329826 41165
156433 93242
466002 13591
186434 99967
268781 33796
344690 38430
247607 71975
282046 95720
493806 42281
169124 94237
301516 56033
406779 57346
323795 52028
263427 85049
7304 78144
256492 87328
247237 96638
289845 94111
340807 74724
389109 235
117738 74225
364139 81055
457112 69779
64572 29250
537775 5525
401030 95054
46400 16635
293034 22427
437877 69642
411530 97685
294067 73023
38948 14239
265800 29582
267819 24587
492479 65148
69933 44998
154374 79797
310073 19829
255146 13250
407692 42118
329707 33842
24193 61927
492595 5227
291142 98219
235472 48309
87863 13292
125492 86211
64223 22886
391819 90349
445961 20668
167503 90827
197091 49842
311738 64347
506839 84226
153728 2061
71020 47634
144551 8715
366673 22615
344770 44725
317253 24631
309298 96783
220284 4448
94402 7495
207621 22818
237710 47062
89862 87340
423571 62938
380457 16127
122001 23244
219535 79941
178575 26218
510709 89088
299339 11269
515196 10860
251495 13288
321313 50430
332827 56304
452644 63820
103119 23450
74973 68508
239848 8866
424277 96630
325458 72614
443664 66019
234594 55740
242591 19029
465887 7109
210947 6548
405339 18059
549222 9597
433856 96618
259340 63894
122403 56923
542286 55203
355140 91572
350211 68968
373814 50777
288821 14565
229023 59831
458577 10943
303790 51183
493916 77008
346417 30854
222175 3888
219641 34163
307440 94401
209773 53226
11619 2187
501266 4600
240212 48766
370436 68043
463746 81917
252493 36813
529804 91767
78797 70224
82105 44741
304025 25238
532161 80054
522069 41362
455877 64153
148269 46586
330668 30993
442357 77550
474153 52004
139168 13544
344119 39987
256438 74578
296422 80123
69672 63577
302245 49698
499645 40521
35105 34303
89377 9850
388476 41071
521054 35681
58344 46627
12993 85403
329715 60495
15879 45790
343797 71683
275010 21612
136179 18198
449910 13362
500703 3400
391668 98442
485646 97173
479968 46188
478253 28018
491673 28274
403556 85386
365633 7399
271293 61831
13283 2362
275571 27710
280576 52397
422937 50982
82262 41359
201620 91227
415287 30946
198062 63744
395874 56926
298595 78528
25601 9083
235664 68914
417472 2074
193371 67187
321351 13000
61905 12388
542090 67903
506558 34748
93420 94554
234942 84034
455076 95904
215646 48161
85463 60129
294827 24640
128781 13840
489960 73567
58081 93818
94571 18691
98173 14808
37032 89968
126875 2249
493646 91654
70843 46536
158799 55881
222366 85107
3605 85033
387921 26459
486971 64201
463535 42209
516786 52633
474185 55019
518813 64860
284598 62638
60886 63469
339357 44729
221731 1835
493633 54684
166082 68115
29632 50199
454911 88617
123442 76556
39109 75280
194048 4629
151902 83717
213466 70764
552029 28659
227570 32984
326209 35997
393861 38629
190886 10051
189015 71831
486656 37095
98309 40096
585 97007
241893 29687
383870 11092
2690 13773
207416 47359
231532 95389
358134 14208
519293 9823
488340 30374
79509 93277
544014 59141
138762 65937
450804 39490
316839 69192
176747 78520
271653 86096
380336 1863
433221 74279
355210 14587
50957 17555
92390 67275
385260 48906
483758 61998
12153 88253
69784 97218
212658 35464
194291 32169
4762 11561
402228 59292
133194 89708
428296 98011
104500 38970
234664 57444
242316 19672
385168 18357
409681 87201
163313 6468
274205 89732
516257 6768
535860 71402
442496 70351
363206 92949
105898 54721
281501 83427
294760 66542
547685 38622
88625 63980
192677 94437
490882 86435
527575 47719
452701 32935
359986 45834
154038 42850
447265 23675
524368 85250
15935 60890
237934 70870
244689 29740
476447 45549
265812 75506
170310 52309
440686 46946
176017 52045
30486 6770
351246 65722
325819 83120
140517 68450
209774 52232
281096 39419
201509 88958
435739 88648
455646 84658
86813 21328
403305 34507
65726 12437
324516 15598
476662 92635
542269 83581
35070 38375
466522 53265
239369 39112
213872 57161
115166 24522
246253 28255
514359 46286
350982 540
175517 87326
346718 61135
205975 33936
490686 15631
437517 10416
144992 93889
169766 20521
326183 15440
455854 49843
540552 38687
280125 49544
236474 15135
289889 6390
68230 58119
16930 63341
451387 56870
484644 98091
34638 73322
282981 74178
159828 29681
184655 21513
451431 54013
30216 94231
71969 87082
148461 18555
149205 61110
178148 62536
503205 6393
223375 99003
507081 56877
536730 89099
453603 21850
64731 7034
244342 52954
376517 39439
296054 52407
299614 11829
440165 68733
479386 93369
501111 4582
415136 77079
156253 51942
356873 86743
431880 19192
380976 64755
20600 67462
355273 38029
377241 83321
415548 22046
500218 83949
164613 26691
100830 26830
213126 10785
226422 70783
326605 65843
357370 35421
66295 808
43177 21663
490059 9155
75522 56480
537281 93478
40169 21331
440967 39702
274485 5168
262535 31906
314231 37841
172137 67905
157766 93763
149602 52245
224012 5093
492895 98982
1131 28023
490542 24384
529902 47313
441040 54323
1981 50440
99017 85298
201933 56789
261797 26794
231932 44127
388018 23052
315976 1565
374745 60554
288691 49961
129891 30803
536775 92315
468955 49405
71705 89674
50315 98862
505832 47151
72837 51279
268591 33459
468772 55327
167730 96492
257042 79390
388285 79321
12483 68781
404736 47415
262652 13484
455398 8237
416379 59342
368291 29872
405684 89071
336573 90393
11364 61074
450071 67240
73284 39523
296835 60160
197701 5126
525527 81749
342408 3922
481900 90119
400853 11816
322160 84369
58111 53084
165265 46262
58335 25416
446226 98062
506488 38085
161478 20612
458066 29203
282888 8758
88938 85513
105318 23979
278288 74377
185593 84013
235028 18097
327921 85693
341608 28915
190255 47626
278585 15651
169080 62198
201777 88233
520171 74848
144898 98633
502185 59924
81816 26041
457812 64390
80347 69285
230921 20390
233022 88679
157742 45242
51673 67643
148109 27618
72771 44479
71332 4670
531645 71933
289837 89939
280154 38252
436314 59625
245404 30046
281563 10158
350757 68226
374764 54406
14382 64296
148930 54228
315657 97012
490525 86973
178035 91776
328283 62882
85139 97223
86843 51166
142398 98238
26957 10660
196461 25070
460211 46116
181354 53517
62594 66264
194624 75851
63224 95072
484316 84208
20461 77332
212321 66224
234376 4387
159812 98879
497008 54890
378643 26835
168666 5339
259305 39483
187471 90018
551427 40282
150642 9109
28567 30377
8734 58507
161864 63618
79899 69131
191144 28651
46509 68939
367014 7996
269929 64520
538386 65969
233519 51176
226454 99133
423072 17279
193432 82594
63459 73504
85155 47137
75511 27383
534915 64496
212207 52362
101357 90055
250554 5328
303495 14996
398928 97375
300623 74175
242275 79535
333904 69681
247058 35910
528345 76474
440659 43960
419286 20349
225195 74080
265577 44849
109328 42612
458677 570
382437 61601
531284 4150
51845 61651
397743 39963
27814 61586
136259 20191
222927 84861
53805 28972
161527 10229
446112 34639
305428 85055
430166 2634
515215 31784
82621 17948
196887 35686
68739 6861
333007 72346
444994 49176
179655 48529
59654 171
6052 26418
364910 73490
228798 79967
147729 90301
452372 38927
529168 43067
439443 88918
277553 92918
468898 17567
162647 95159
186026 12683
50816 83339
548273 44194
49223 57346
216693 7041
306489 65574
254025 59263
160735 35849
197333 32001
325242 79028
290417 92775
357773 5783
167462 1259
192139 38000
437430 62560
142518 90805
541305 5887
404016 30628
173969 11653
502957 85932
522832 46700
334639 52373
252564 37280
121301 7393
196737 79946
376487 60326
44938 89234
434247 70021
298793 29102
81114 47297
338336 94771
171747 57490
304068 47452
219149 82713
326440 42482
277925 25461
118577 55081
425369 85743
296468 65183
374377 11441
106992 35458
521385 52508
499865 32629
328695 10499
233187 24240
100028 98151
459058 74733
134986 9559
286642 82501
247941 46478
502054 79232
348103 96235
432616 94192
382715 92667
525794 28436
32070 3495
18485 46151
517760 9150
335065 45745
120128 77979
204806 51438
513536 71953
407837 16707
373698 18259
439825 76455
4695 81994
125270 73933
205551 7681
191027 93879
209563 71130
436411 72656
296337 56731
501358 40617
90261 73634
287365 38706
187050 91017
551979 5101
336401 39229
327507 59708
169345 6396
240932 49440
271778 95364
495162 65992
362107 32988
437050 23895
470437 95609
454724 79271
256993 7509
84876 94607
29022 11450
79673 43076
424193 96377
528574 59874
370621 50812
449509 78697
507854 16129
264973 4537
514716 79907
87803 76953
196751 57792
266291 86499
329683 1195
533662 70439
59853 44133
376503 78301
64857 59659
533149 38186
185649 80032
140288 84389
207207 93413
435661 2351
277877 90134
133111 36165
509977 47924
135653 93347
71747 45757
435154 147
381737 57259
420377 84717
501168 19707
121227 46394
263571 20928
21110 21946
342712 42723
539477 16957
516771 42487
161162 67297
454867 56952
111920 71382
510134 67672
197171 46413
266159 4021
24685 58020
53002 27543
308176 70392
108586 72122
256246 38854
450283 39550
124291 47127
99277 19014
234128 23860
515326 4978
181102 64913
394171 73226
370930 82749
425457 84910
350948 7624
483908 28268
171887 45581
390966 83052
526199 40078
147499 81187
100501 14663
346310 88195
463413 10083
261407 54245
316946 12766
331832 77299
54717 31061
361537 52421
250344 59807
347399 13990
523762 65507
38858 62918
310145 5630
250624 35993
120080 94823
423252 80622
322644 92255
485693 15470
503451 22460
42941 57126
552963 38438
376067 95154
283390 43810
453313 13375
462096 12127
515260 48510
489667 50750
76789 71547
132578 79984
441531 38391
22003 96005
509032 76108
419574 83043
101658 87858
336861 69793
523449 69424
199105 14106
205355 21634
120045 16043
527115 21186
422457 23606
177647 76287
162904 28318
220875 18238
553498 61130
508737 41132
54956 10644
153212 31293
134032 97724
389823 15147
384918 37927
447430 74474
405495 86960
532807 62446
175525 46579
457536 6899
233896 62071
207935 43960
414254 59322
380529 28653
81260 12791
439907 45594
210566 85227
404884 66418
32215 834
284281 39436
64996 60237
32168 75119
496364 49026
52907 54920
409858 53859
29734 88375
277750 41787
47804 37206
440140 20947
56128 74499
32014 61
257132 43438
91362 66589
250063 90644
6228 33059
437081 67682
164235 8115
500448 34644
288104 17505
399787 71698
388207 45611
103454 95145
311143 32854
551148 89432
511792 72464
25222 90553
122607 62864
453450 10295
272046 7508
230462 7176
278280 54714
39502 34180
554914 35812
7444 34163
379189 12196
236530 26150
494573 80150
91263 12869
10797 60146
77022 52659
430379 91922
544640 78884
175571 63734
206910 10871
489352 37448
38749 46135
186172 15298
124482 91198
389527 14734
250348 57129
459978 97071
454469 16240
97177 16591
60396 10076
455287 18653
55962 9359
300684 19083
93691 44578
376257 84606
553379 87078
260439 77688
350235 52944
261590 49215
215384 53135
548336 49248
309265 50956
489346 53060
543595 42753
510417 13121
52967 50891
512827 61257
191459 40400
356690 63851
389613 63585
12297 26780
448974 4569
449306 38378
243765 71011
481603 20721
130545 14288
45276 38034
156229 62548
294085 26531
131714 43081
147825 65588
254882 61922
296007 30191
103358 76467
518411 79704
162398 21526
270218 42351
278908 51958
393837 37690
462946 64388
325928 98164
68508 30753
453244 17767
518563 19202
492907 22242
317226 47564
378219 87231
354361 9264
262532 94595
541434 58839
554624 71552
16100 11664
184285 41263
137835 42927
7973 16226
508127 97898
239518 23949
476248 43500
381462 29053
407193 36320
205664 84873
241386 80052
551605 68323
266990 18641
263785 9277
163112 60695
185641 58908
148403 24186
371889 6880
229584 23155
94712 70615
343908 53553
3330 1758
490518 97688
335277 83828
207658 24219
112146 36420
32312 59029
156542 50191
262326 33347
429341 45939
265285 97690
442135 29701
503316 85333
407831 74316
315198 54320
156683 10143
207271 72320
471307 37537
529768 11866
401335 67691
106031 798
460720 36200
409591 98478
425603 98620
512574 63245
537925 82767
288621 77389
131587 88555
430664 93501
95804 63974
163205 73691
50474 86531
517384 16649
392531 31146
554387 35073
399568 87311
438328 18084
399890 23423
515299 6249
284801 4887
318241 77222
37600 46939
465727 5120
4097 48976
357173 61745
493974 18384
205417 18577
253411 39079
15397 88323
40959 38945
497599 38988
291362 3799
259332 97836
551928 83855
233710 83041
3953 65758
457329 31028
384403 98085
210488 72783
218640 80760
412439 25665
362456 93042
336365 30140
224694 69213
9123 27938
449204 67355
467666 88154
159609 75485
126540 49816
207976 99037
30822 68704
252578 74736
410088 9686
506013 71945
450976 70864
300206 32279
257410 44293
370530 32443
457275 1811
296607 79918
435374 29690
4702 69492
409144 96354
315244 8690
123633 39672
532502 84712
552703 63527
274597 67772
457771 43335
216381 31325
112674 91237
59718 58726
398650 87489
138952 88022
54364 11932
226911 87639
309689 43369
80372 32571
82641 14795
83051 22723
51518 69295
325555 66005
120997 3852
471843 67659
57907 75828
163007 35789
219325 19096
526712 98442
429986 30178
367047 47441
407517 73715
245506 32822
167903 32589
344650 91013
162932 87750
9810 16306
250339 38386
269847 94139
103849 25776
382179 731
165209 23725
489281 87459
314482 54144
509119 87567
404463 99683
493055 63475
361993 89317
542083 53557
9547 74380
542305 89695
555435 64580
374705 16376
400703 42556
252550 22983
36736 67740
413544 16360
242188 66548
21761 75147
330763 64041
359826 47096
246870 2238
412283 33920
61420 80887
30894 48986
172988 22489
388129 3363
257271 87257
307322 25994
167539 5896
438082 62823
253246 32199
210594 48118
60717 78189
447168 20994
282510 80230
322459 6056
335889 60838
22907 64932
224045 40430
334583 60069
355579 12479
82098 31392
53252 83863
482264 95671
203901 52301
118141 18488
539504 28217
39752 70155
112493 88819
216183 35360
371728 15674
305932 92177
501095 32638
82634 4344
459032 58714
394550 97349
151898 20184
434682 60446
409494 88058
354756 5569
484312 32647
8960 85224
501157 86512
186240 82828
393504 9134
329440 88461
112110 45816
542459 11100
476742 41586
45165 28453
166462 40970
510836 19917
423769 46443
66865 81799
468003 15290
82270 21478
369065 34790
466862 69783
318660 41483
67420 49200
400389 41083
505937 23489
516768 28064
315747 89578
477425 26716
401405 6385
507258 25966
173699 97875
192960 99067
73949 34854
482235 52696
284635 44937
185905 50429
501862 45560
308694 61524
293124 70084
97190 73832
74420 95749
173924 66055
214308 27052
424758 20742
16418 10913
433124 13564
342430 35345
492681 98496
66531 12687
325881 24391
483961 95449
185615 72962
124048 53692
431507 28412
35987 29468
547828 42553
52048 80712
416034 74370
384328 69337
290762 15407
316374 84600
392172 66573
146722 49907
214765 30034
403545 98334
257781 4785
522154 48109
518654 1887
264185 7620
103063 15110
544371 54339
380035 2500
458871 25417
7023 35199
426134 26674
66477 64826
378543 17794
413288 66543
550729 21098
140642 44799
179353 26208
63366 14648
544516 94927
325467 91619
255361 54452
11421 6028
353185 73903
323292 94824
263134 19039
16186 76609
492782 1042
331917 28953
178269 29391
73870 76898
96875 72730
436261 58971
385766 51633
210490 62020
364700 26155
472391 23699
357655 4962
60061 9236
403487 15891
138027 49262
66969 96659
175095 82961
84449 17495
348560 36847
499303 35268
185112 39335
187791 20685
547749 78772
478744 26652
21899 56785
69458 25291
118039 67979
148285 65930
272429 79914
119121 48464
543879 31968
432278 82550
525871 10630
232068 42599
219667 33788
497689 79709
385706 74314
487520 94683
385669 51091
373194 11382
496648 22345
455957 7991
473850 99905
203928 22043
414848 61048
143101 71545
195251 93918
515002 73541
435094 22119
72334 53907
247622 14586
167291 73540
475042 27263
39754 14509
268436 89516
456956 6422
505925 84226
213201 18873
340625 18277
300746 81740
65165 4648
543247 51108
145743 35415
46132 2582
142553 9703
404445 95143
309961 84837
186085 39914
277318 55830
382523 53765
508922 48338
9545 4230
378001 13026
393147 41702
35360 68002
515037 25559
415918 65361
59 5469
535172 2596
328742 2646
311048 1790
224310 86806
42587 57018
141337 71676
36426 10195
201033 92006
18144 33145
202744 15814
539519 80203
360650 50887
159113 88522
278081 44167
128195 9392
261589 4827
457308 18164
495458 96213
243873 68408
388601 29764
380062 10863
415246 75721
48615 62095
2422 87307
82601 37737
486559 4496
135920 65027
203403 53861
299524 76767
386354 84169
173904 73651
363891 51841
447460 66844
304011 20884
38630 31998
262880 21762
110859 32972
119765 57803
82358 90967
495265 98837
265220 5356
523310 50648
14700 10859
392483 33768
255274 40228
21588 42441
187554 15681
470630 3374
484807 70947
187592 72680
450253 7823
471541 10358
410484 4019
309682 87431
113269 73924
32223 64128
361721 981
181654 27155
318074 30467
78746 16198
482927 24503
118912 46472
299738 19058
358642 12751
233286 94167
181286 43964
273259 15865
27902 75886
204975 72091
19431 91733
285831 57277
367566 80955
288139 66685
315032 56535
12769 87298
546765 21778
342616 68080
477384 87672
198170 87806
205985 82530
419101 60676
361230 60349
198021 56648
553554 26993
505407 55143
476798 33132
362870 46782
282689 64495
524831 57483
179169 19590
269702 63529
10442 65507
36172 9964
49473 50112
332565 78864
280769 86493
97062 38515
62447 6840
4348 19314
485249 53781
409191 62692
165555 72492
348041 3771
503809 99489
354340 35432
276406 64479
538869 96198
48814 65207
66461 31934
127446 70250
178467 9083
411415 45195
159452 65820
270477 80310
