150 957
2 219
34 654
29 960
21 798
35 309
77 992
53 716
60 190
17 11
33379 110
54 110
39 115
68 427
88 224
23 533
51 876
11132 591
58 814
82 182
34 721
88 182
26 297
93 723
33 298
7 182
9 58
63 1000
77 484
10 978
83 933
3683 267
86 212
94584 286
77 315
93 821
40 529
89619 491
38 644
17956 583
26 889
38 571
23 9
58 351
27 828
52 72
29 911
92394 399
91 578
53 200
78 88
67 658
42 18
99 369
77 196
29 267
9 529
98 279
75 673
26 1
13 284
22 383
40 335
60 422
55 958
73 763
3663 717
100 483
74 155
52 507
64 791
38 173
29 860
88 281
25353 591
12 666
62 518
6507 352
68 639
33 490
76 105
13 142
11957 970
61 845
66 815
87 327
70 40
22 153
90 791
74 632
49 736
14 878
50 199
94 156
61 157
87 824
93246 359
50324 182
1 51
65 76
60 625
45 290
52 239
20 384
5 344
76 982
68 12
30 193
32 869
8 175
84 217
73 488
63 958
98 934
42 419
25394 727
49 486
30 31
61 899
11642 425
92727 903
3709 584
39 724
24221 494
91 906
79422 392
30 668
44 181
25 900
87 155
92374 233
34 31
80 588
100 650
65 340
87 331
16 350
12 882
88 134
74 288
43 520
25 245
64 260
13 354
5 706
35 800
36 316
16488 854
38 803
11 90
5 961