60 40
540
4919
3426
1393
59
9172
14067
2362
19956
16915
1873
15198
19802
6413
3135
18167
17373
10886
14324
18042
16429
8980
1421
19170
18335
2567
6862
18537
13784
18315
12777
16229
6996
14022
4421
7793
5782
18456
9383
3058
15011
16649
15736
13069
492
15368
5386
13929
17281
3526
10027
17763
16091
5123
4370
13926
5211
1530
8690
2862
7739 9751
17467 20068
18814 20181
8094 9633
6219 6843
6652 7408
4286 5727
11434 11812
4567 6423
12754 13153
17301 17581
10097 10999
16124 18019
9676 11044
10846 12575
2305 3230
19932 22992
13865 15554
18097 19868
19497 19850
11087 13895
336 2841
13317 15809
14586 15551
15306 15989
15434 17798
18031 18148
795 1365
14481 17156
8444 11063
1313 3170
17276 20454
709 3636
4043 5793
16226 18812
17084 17411
18440 19169
19582 20127
15788 17372
5403 8054